3.436740121564325623e-01	-3.492166746382568299e+00
-6.001921414516694364e-01	-2.528369344749828773e+00
-4.500397563850180860e-02	-3.383382027292615390e+00
-6.930588109708440969e-01	2.610044158232054934e-01
-2.946884684311180669e-01	-4.105064173258747284e-01
-1.567847394616150192e+00	-3.522358945778726991e+00
-6.300837431810990541e-01	-2.482872883389297236e+00
-1.331616873906032339e+00	1.051112015592614135e+00
-8.592438107277047266e-01	-1.204120795566213209e+00
-1.707501507215611225e+00	-2.843402983663867900e+00
-3.168966637201248160e-01	-6.381015408655685839e-01
-4.310209884774364175e-01	-2.716928686812721150e+00
-7.832869537863940135e-01	3.275208859966043828e+00
-2.328666558936643760e+00	-7.380231203477234381e-01
-7.791880819630482291e-01	-2.521316013336146078e+00
-1.475129991045442512e+00	3.405921649104643123e+00
-1.355373591357401208e+00	1.189083068312419833e+00
2.295830512905281673e-01	-5.967011051354369489e-01
-9.125691219785682096e-01	1.307793618137439440e+00
-6.866187209539734715e-01	-2.568310191626070438e+00
1.062261789566071979e+00	-7.174463835416604596e-01
-4.426126098854830659e-01	2.684183341103182352e-01
-4.567014157384178263e-01	-2.170171828010198478e+00
1.482972727769393151e+00	-5.488578448181824498e-01
-8.151224435379308408e-01	2.013577568040103294e-01
-3.843456048462727259e-01	1.477472249705803042e+00
-2.587753886715340457e+00	2.622207068687560483e+00
-4.048356085202763355e-01	-1.473033794440002708e+00
4.031380909892862650e-03	-1.048914369988202200e+00
2.877880796720928558e-01	-1.076014996871668794e+00
-8.467380898678587009e-01	-2.785875913155428485e+00
-3.645290909300746840e-01	-1.088869507692287186e+00
-1.823391398566048816e+00	1.422855448888905139e+00
-1.062207235933105620e+00	5.305158264461625750e-01
-7.629141963815478933e-01	1.498888125778259806e+00
2.954695968237094572e+00	-2.627313540968032601e+00
3.643046016185856217e+00	-1.373071368506283696e-01
-3.272023240866006599e-01	2.192789981476880090e+00
-4.477882121425315054e-01	-2.287515460988500227e+00
9.385752939817816609e-02	-2.414859714133583246e+00
-6.662271130497084970e-01	-3.245609985160553990e+00
-6.884483551691331638e-01	2.421033044637759701e+00
-2.473526645807525792e+00	2.587019043616666014e+00
-2.129117459371416388e+00	2.070877410203162849e+00
-2.291966846096411103e+00	2.759185980641959635e+00
-2.441166901549754353e+00	2.619186162574468568e+00
-2.498081456142297263e+00	2.765036382146064398e+00
-2.691694261866455662e+00	2.480183862356585944e+00
-2.262068486070671458e+00	2.851062545569723383e+00
-4.062949251183165522e-01	1.557530714606781164e+00
-6.376098122690433412e-01	3.656508919054786144e-01
-1.026342026240928629e+00	-3.116292939537330220e+00
-1.701971334997699259e+00	-5.700797418990173338e-01
-1.003964232170630577e+00	1.990412877826043481e+00
-2.634417270987330806e+00	2.511711186308966504e+00
-3.839735248305455872e-01	-2.598428595776547390e+00
-2.249318279732590575e+00	-1.131235239191508146e+00
-1.901155738786273752e-01	1.221605438214365957e+00
-1.249898512120484195e+00	9.956137136920206743e-01
-2.774552283346763737e+00	2.705995662198825258e+00
-2.744336180427267902e+00	2.682386284197384452e+00
-1.426747963816124010e+00	2.921856013903048943e+00
-2.484789979195789034e+00	2.938701711444156484e+00
-2.474902307538379809e+00	2.483276491035494971e+00
-2.651698675961583263e+00	2.647844101626473545e+00
-2.624594062800439165e+00	2.604870041924261859e+00
2.112807377658437513e+00	-1.484507910770942907e+00
2.480940443479059176e+00	-2.238268160255300288e+00
6.188700370938967632e-01	2.349888494624568835e+00
7.352657191016389593e-01	3.712485845163834841e-01
2.373315826782932181e+00	-2.679131041463921115e+00
-2.022608133964521659e+00	2.294840806855588777e+00
-3.084528409201295673e+00	2.523334539208984317e+00
1.935284641867659916e+00	-6.396328809994500375e-01
-2.525008008779451862e-01	-1.599679737661565682e+00
-5.351996701719350380e-01	-1.989955397410297699e+00
6.061032410232949363e-01	1.352205971589671707e+00
4.795043916052257882e-02	-2.103439413374883937e+00
-3.473531996165256652e-01	-2.157329330580783022e+00
-1.203044125246823581e+00	1.109483617413257850e+00
-1.812422451882339303e+00	5.365055878469881384e-02
-7.173510105798482916e-01	-2.005020262928361774e+00
-1.929322981401148551e+00	1.465466087307258025e+00
-4.912566179558638946e-01	1.457989020386038614e+00
-1.923898689121810390e+00	-3.661102663556202064e+00
-2.581939926430119048e-01	-1.829614986667397636e+00
-7.439329410580619584e-01	-1.744856429204869164e+00
1.718048869169709780e+00	-1.630348053406893483e+00
-4.252489006850327935e-01	-2.498768284612370216e+00
-1.108549197687625609e+00	-2.230258011491747627e+00
-4.750460309739356068e-01	-2.579111127357696098e+00
1.061166350601643105e+00	1.124251506047114990e+00
-4.042498017568036950e-01	-2.573119952461240256e+00
-7.279586691438003632e-01	7.172310447636970343e-01
-1.657219224382168177e-01	1.592690592164062613e+00
-3.283917806486740698e+00	2.313870883354363972e+00
-1.427703491626269416e+00	9.827301014205513940e-01
-1.351320051045422854e+00	8.205011271631513781e-01
-4.161330587188988295e-01	2.589440543470509670e+00
-7.855108530007355316e-01	4.693412874132307788e-01
-1.060859496308631078e+00	7.257142032469409143e-01
7.030359613374924654e-01	-2.285123900936799402e+00
3.896785192536812992e-01	-3.769853291164623421e+00
1.686119920476626122e-01	3.710788700789067751e-01
-1.041004001513173627e+00	9.119919989559720497e-01
3.573032093707253498e+00	-4.781658015173452791e-01
2.418730248203004862e+00	-1.535771526165674361e+00
-5.986621251816300893e-01	2.287309363198404000e-01
7.603900339196153491e-01	9.292260903901582436e-01
-7.149675174391738608e-01	1.084496884066309619e+00
1.716791993770934832e+00	-8.400790551188163091e-01
-2.306340203426145763e+00	1.072106486801539527e+00
-6.277754078332413723e-01	9.179985893690876253e-01
-4.377482993843122006e-01	-2.326070129456106361e+00
4.333284630591462960e-01	2.927689850916483483e+00
-1.239119703086452584e-02	-1.226186282479859502e+00
-6.149224553312552244e-01	-1.984197807063441177e+00
-4.762397027685079109e+00	-7.691273209912584674e-01
-1.612772850261382063e+00	-1.351363530284150904e+00
-1.230800011556019813e+00	3.518118413992770699e-01
-8.270225018773856851e-01	1.155983485293664348e+00
-5.573648278538595457e-01	2.974879860610229798e+00
-1.871679127139405541e+00	2.391775079311515118e+00
-1.157248420858832061e+00	8.351746893208411571e-01
-2.489500980108333650e+00	2.462775287528645940e+00
-1.290444110052115123e+00	-2.306086228401667881e+00
-1.288247414023717230e+00	-3.906719382965069709e+00
2.204555140098651389e+00	-1.783461467051327354e+00
-7.138323808029740647e-01	-3.787498001539779224e+00
-9.007063099061592970e-01	1.126819502165406828e+00
-1.161540481358002808e+00	-1.432733368898284176e+00
-1.620360607516574403e+00	2.509702402033082702e+00
1.888383997552117943e+00	-8.202456734460700227e-01
-4.474178820708073490e-01	3.068429303274768927e-01
9.747737292859220970e-01	2.450864055216288140e+00
-4.249734465106021208e-02	7.508235525681760114e-01
-1.338661905859514167e+00	-2.057107655076944930e+00
-9.518271936959215029e-01	1.379323687385264341e+00
2.128966601769578304e+00	-2.095731696893093243e+00
-1.389503014095430644e-01	2.445332334769624083e+00
-1.133493232325415434e+00	-1.418594104272040690e+00
-4.235682407705559371e-01	-1.589597642016959966e+00
-4.829682791512727169e-01	3.813213305247334928e-01
3.595654729103924030e+00	1.505998246446831612e-01
-2.434621348097212312e+00	-4.188870512779271360e-01
-1.532740022646335909e+00	2.605676992637239398e+00
-2.276534755981305391e+00	2.581823968335022368e+00
4.293636558998312203e-02	-2.645570124551265501e+00
-4.885922860763715070e-01	3.282379517500491950e+00
-4.373331399644670991e-01	-7.065141696965219209e-01
-7.262219156435989476e-01	-1.550747585149220953e+00
-5.408585253278498373e-01	-2.431645199888837761e-02
-8.436491808221284749e-01	5.756420328040426915e-01
-1.041660928021741261e+00	1.004913464614958896e+00
-7.956666902367111049e-01	1.006361867317358660e+00
-1.099334185087470717e+00	1.162780766594521342e+00
-1.738380560982429046e-01	-9.593330601129143043e-01
1.073497999425887084e+00	1.844986567721835113e+00
-8.646203486936806515e-01	1.456705447208735293e+00
1.636477760249074320e-01	-2.081294916325008071e+00
-8.112104662437324976e-01	8.152198278849309698e-01
3.821378872436545504e-01	-1.302052328954409921e+00
-9.073390855230316632e-01	-4.021571048916051438e+00
-2.129962321658086799e-01	-2.600064757160434059e+00
1.031768900357447949e+00	-7.337509228148783036e-01
-7.171326678630477458e-01	1.857337018129771256e+00
-3.152272917417647813e-01	4.302953301185853952e-01
-2.620027699384570141e+00	2.629300067166118637e+00
-1.128090834533847842e+00	-2.645398568105461923e+00
3.640904313076522403e+00	-2.232722278559688966e+00
-1.569601879172189518e+00	1.783736589817671137e+00
-1.699862016234978235e+00	-3.848829719594964782e+00
1.402646260234244879e+00	-9.772590014218897059e-01
-3.874530337542995140e-01	-1.129154746466725312e+00
1.943574237946219530e+00	-1.818028130486184279e+00
5.116956111640221794e-01	3.328458977246866013e+00
6.417023206740656294e-01	2.882039330458412874e+00
3.963036310403662998e+00	-1.235954311427461400e-01
-7.195074975079116530e-01	8.993125600320274193e-01
3.718210540640347173e+00	-3.473320401299865856e-01
-1.140017184582643006e+00	5.932308918432646072e-01
-3.032747588352647128e+00	2.606077005562842164e+00
-5.784188240459218200e-01	-2.340547315912425930e+00
3.183225903490433772e+00	-1.827291334885947194e+00
-4.382214224540879055e-01	-1.424233158418627632e+00
-2.113456802179096983e-01	-2.650334652296058469e+00
-6.286203738769015059e-01	-1.157419686934344716e+00
-1.106067194958272548e+00	-1.870829203151055165e+00
1.060288320472845491e+00	-7.340713626074217846e-01
1.800843199970858732e+00	-1.685987568270455039e+00
1.219821064387587028e-01	1.683347358940441851e-01
1.836106667522974911e+00	-4.547919371089589324e-01
-1.188490310822492679e+00	-2.727480431752835166e+00
-9.058753912769578198e-01	1.357144521695137218e+00
1.808587124962106385e+00	-1.130162603773638308e+00
-7.169855603021313417e-01	6.114703993503375345e-01
-8.944082038014531388e-01	2.678986241680830993e+00
2.808864623152499407e-01	-1.669377833381182841e+00
-7.133682541712946801e-01	2.023269144775562189e+00
-7.502659596991919644e-01	-3.588073064554660352e+00
-2.063253142832903286e+00	-5.349102259003733761e-02
8.326990904566057283e-01	-1.013820710286094329e+00
-2.253534029261679283e-01	-1.547743276427556713e+00
3.121613768839243797e+00	-2.551392143466919560e+00
1.727599855678252361e-01	-8.614661167734435354e-01
-9.604595045708197443e-01	2.101490387217553657e+00
-1.555004906372622564e+00	-3.652465279459703673e+00
-3.786700753243173456e-01	3.278616933700954639e-01
1.378392476641034092e-01	4.996611060411611516e-01
-7.419375670244967580e-01	1.219129998713672336e+00
-1.342440515442130167e+00	2.584970533241832680e+00
-8.311523877165737373e-01	3.286379717484353979e-01
7.078978334720689713e-02	-8.808287028724380852e-01
-8.220402815069897118e-01	1.894887310833116567e+00
-5.680039309046146512e-01	6.476347268948033642e-02
-1.045907896359003608e+00	-2.763161981732846328e+00
1.960635368626116870e+00	-1.695102629339465983e+00
-1.386678226479337583e+00	8.984539364101622461e-01
6.820308605126699231e-01	8.769867304373887285e-01
-2.275416679660443031e-01	2.811530970762471160e+00
1.164827702567736489e+00	8.419878663888339387e-01
1.503123104783939512e+00	-1.989791275073431731e-01
-7.084184624921104900e-01	7.463151215209729017e-01
-3.393901855448714366e-01	-1.831414396156519020e+00
3.790286281428177695e+00	-2.368758382712164323e+00
-2.945230625470526942e+00	-2.150848215583758272e+00
1.554326781950806369e-01	-8.813326580085873996e-01
-8.601217063301838106e-01	1.780649013227402655e+00
7.828162074286522387e-02	3.131651058907889862e+00
7.217866603236703371e-01	3.018933439069502178e-01
-1.521106318100114763e+00	-3.749166246255407398e+00
3.985853676164622161e+00	-6.792950594956171928e-01
3.608367124535283743e+00	-3.892818980935333628e-01
-5.533637577112662242e-01	-3.749656331603216097e-01
1.023013069542648923e+00	3.082218564412062989e+00
-6.000317463526266132e-02	-1.336228519205119092e+00
-3.338105567984978594e-01	-1.553382778502820027e+00
9.582805070754397692e-01	9.993641179042950240e-01
-5.990627228158964535e-01	-1.750496210997602775e+00
-1.147161946138860245e+00	1.072326981969506710e+00
2.689206472049056273e+00	-6.090924007938348650e-01
-2.130384239035017391e+00	-7.503945622516360048e-02
5.514475413010462290e-01	1.550042057033598208e+00
-1.933692027752599740e+00	1.118494458741509101e+00
-1.584924682265227425e+00	-4.020290233520875667e+00
-2.730401819544109876e-01	6.928918806874196923e-01
1.165031857451271913e+00	1.522272081200603255e-01
-5.827614062038752873e-01	-1.549938612481712052e+00
3.766806770134564886e+00	-1.947068260155551345e+00
8.976869076232483202e-01	6.088858975495752279e-01
3.773461589660485949e+00	-1.747877372849161004e+00
7.269218578360031602e-01	6.511242347151698917e-01
-1.038422476434415875e+00	-3.524157745942661624e+00
-2.345481204062189740e+00	-2.258790246352491149e+00
3.542352969306302057e+00	-1.004099172174174104e+00
1.397549410156562644e+00	-1.732362886992115047e+00
1.579873912216449128e+00	-9.793159172904213339e-01
1.396550166101505619e+00	-1.117852868607482453e+00
1.119674450701158896e+00	-5.246092979249018518e-01
-1.812020753854939770e+00	-3.857629101868861099e+00
-5.210182165663560516e-01	-2.120243034737490984e+00
3.078201576387934457e-01	-2.272182955060477738e+00
-3.930362003440368013e-01	-1.282105296043137832e+00
-1.319118583976877923e-01	-1.560527704437231211e+00
1.194935238602576666e+00	-2.300105014389419444e-01
8.025460830016297731e-01	-1.098443161018581637e+00
1.158756048757560997e+00	2.243613692203819010e+00
-6.864101119527954431e-01	8.851886298682130061e-01
1.391347244643405645e+00	-1.239062707818833875e+00
-4.514884038604693450e-01	-1.531321093691592417e+00
6.203966700218742636e-01	1.942719187323211028e+00
5.601533828179626993e-03	-2.436969266592354799e+00
1.286276200737196916e-02	-2.317548416436610026e+00
-1.184186414773969132e+00	1.065709182903358698e+00
6.108125566264109851e-01	-1.736449637502187615e+00
-5.834021703216282217e-01	-2.548460032728187219e+00
-7.813659916830647534e-01	2.856562442813754377e+00
3.744108064107577682e+00	-1.596307479426791742e+00
-5.267755902211072039e-01	-2.215442173900110667e+00
-9.699510094873168287e-01	3.354163242327011130e+00
-3.988221530653028313e-01	-2.576325683556619506e+00
-8.556686888125354662e-02	3.616873730633491490e+00
9.843820179806754556e-02	-2.262291549434691351e+00
1.956713268186234700e+00	1.459311947213120852e+00
-2.689178939072571217e-01	-7.229863267616881695e-01
-1.823068060098134990e-01	-9.283815823702175063e-01
2.504869947891787518e+00	-1.874748365903090574e+00
-8.344520945631010989e-01	7.246516316866922214e-01
-8.969738175478914055e-01	2.172019296041846737e+00
1.901844274689690750e-01	-3.052811880772211328e+00
-1.180253073087358384e+00	7.052702197858530253e-01
-1.835144918543676340e-01	-2.123237554144925099e+00
-3.657122266392440757e-01	-1.503668999685519037e+00
-6.987052939325315570e-01	5.093421282813264117e-01
-1.352018061469967503e+00	-2.861688157432596746e+00
-8.416251318782231872e-01	-1.711110145960177631e+00
-1.106155213813942773e+00	1.584032969625562393e+00
1.201597140893805316e+00	7.999766218939899920e-01
-8.614914387577696231e-02	-1.134941662034410159e+00
2.828078039465546478e+00	-2.304351992261538751e+00
-7.808359873079057101e-01	-1.548151287887894689e+00
-7.512325613588616280e-01	2.706849985005362669e+00
-6.695978937167559319e-01	5.737724632589920049e-01
3.772105138497201526e+00	-2.683284284019233468e+00
1.291536260822985671e+00	-7.484123546632555080e-01
3.743956743792493214e+00	-1.842422607233389575e+00
-5.156518260580010837e-01	-2.558331517905939045e-01
1.696742488772592816e+00	-1.007975299119540313e+00
7.643508345782919211e-02	-3.531133789198298345e+00
-1.264499568134784813e+00	5.562972135317454381e-01
1.225194682476208552e+00	1.091098799433717570e+00
-2.501634878692157393e+00	2.154597774054269443e+00
-1.570029342484559720e+00	-3.658550449857567610e+00
-4.609004922215034217e-01	2.814576358556001967e+00
2.459277123728861536e+00	-2.542682882824498503e+00
-2.019673996511880620e+00	2.263827436258520898e+00
-2.259684710356609227e-01	-1.556952227377841558e+00
-1.628260421062170282e+00	1.773516061393801690e+00
-9.134340077344234032e-01	3.057280768217986111e+00
-6.514948214086174749e-01	3.085812616948326426e+00
-1.104877293359477930e+00	-1.812089075847755915e+00
-6.230384027269063596e-01	4.470748141627289285e-01
-3.069521433012571410e-01	3.949370691189308946e-01
-1.525313427464882077e+00	9.608035138982851109e-01
-4.151166216730934888e-01	3.134999368286453425e+00
-1.440994223040084954e+00	-3.380394059588244904e+00
-7.061189452391919419e-01	9.863736366146603762e-01
-1.668365293027672669e+00	-2.867536185732395548e+00
-4.400471463963360197e-01	1.445359632245832998e-02
-1.081999652271425250e+00	1.203168976863072670e+00
1.981716948770627096e-01	-3.985098078910083164e+00
-1.365185183335022590e-01	-1.718494581987073611e+00
-5.599710825220566290e-01	8.850473942570689090e-01
-3.458222435983491216e-01	-1.101463557371838098e+00
5.561150123759563968e-01	4.140830592178012526e-01
2.104818518894634671e+00	-9.318677887171187280e-01
-7.774680386953970457e-01	6.230798601139041493e-01
2.811245083200266670e-01	-2.245754646955007594e+00
2.188084998732266584e+00	-1.885733965158997716e+00
-1.500237434405501835e+00	6.646769817914072176e-01
-7.064287951092683704e-01	6.158012106553037435e-02
1.549746451196380104e+00	2.162661823571292441e+00
1.155933818898300935e-01	-2.647675158632174064e+00
-5.071924860635780297e-01	2.795021876834485663e+00
4.122702783014441374e-01	-8.898535049301427025e-01
7.646042508508841262e-01	2.991479806519447227e+00
-1.469794129011342099e+00	1.737130990533918729e+00
-5.493739870201413966e-01	-2.266211052559215844e+00
-1.573595248325267759e+00	1.000986156959417395e+00
-1.312729409334097097e+00	-2.375574543411981487e+00
2.018079775539049159e+00	-2.213615955846911731e+00
-4.654812714967102028e-02	-2.348059793418399543e+00
-1.576287633270385014e+00	2.238608649987542165e+00
3.634417835550325826e+00	-1.019732762543772986e-01
2.447031541936460775e-01	-3.338842662449553522e+00
3.688513630126817322e+00	-1.807791356161104535e+00
-5.970039789166537991e-01	1.267916720570822164e+00
3.584798475936246120e-01	-1.335557945231256260e+00
-1.082084924794831426e+00	2.823470469232345792e+00
1.951808130687393561e+00	-1.348225268147605460e+00
-5.308886854979129044e-01	1.016148117835814046e+00
9.623576267701640374e-02	-2.598433338026749695e+00
-2.818535349327353501e-01	-8.097485769891900054e-01
-5.312196257171659663e-01	-9.374072475614331212e-01
-2.445891938875817573e+00	2.470388123208761666e+00
-2.186643552369324617e+00	2.699964288528041489e+00
-1.583152224855157053e+00	-1.141411140793590739e+00
-1.755446204235783236e+00	1.800097847030487808e+00
-8.113506830345975640e-01	9.512410595454495743e-01
-2.258595527632246136e-01	-1.852479734672869416e+00
3.259345709126308943e-01	9.793390234235982428e-01
-1.376635900682885161e-01	-2.385365181440777249e+00
-3.918401048148761195e-02	-2.503874122611571273e+00
3.923976359807250791e+00	-5.764409213681148669e-01
-5.396794965853450865e-01	3.826815944190023466e-01
1.543138027459690642e+00	-1.278684185466075984e+00
9.629644430415235101e-02	-2.981936568780009456e+00
-2.308355167129630292e+00	-4.458938752937497418e-01
1.201206530848672460e-02	2.985573796303254035e+00
-5.941404090333407551e-01	2.799605236449556611e-01
3.608317120663887545e-01	-4.487511838277591369e-01
-5.569072368228988879e-01	-1.406105778192537681e+00
-4.510391843554716340e-01	-7.744251308075092988e-01
9.755168485310364290e-02	-2.561967273310373550e+00
-4.223818392028359514e-01	-1.558792032533075744e+00
-2.195273507950441239e-01	-2.039640017459659393e+00
-3.063950217889148120e-01	-2.846361118555295722e+00
-1.274596464411810182e+00	1.268016466932596620e+00
-1.053686455252450527e+00	9.044120573570952892e-01
2.055584888118279441e+00	3.901527353833473821e+00
-2.444180683785457386e+00	2.133154946449203226e+00
-6.902074758509419983e-01	1.540923239238584930e-01
1.919311031364285158e+00	6.318541250262152964e-01
1.066402302985952177e+00	-4.297239139220949689e-01
-5.340670961311621001e-01	-1.444044492032591664e+00
-8.359556753931542128e-02	-2.257307614245740890e+00
3.007555775399219034e+00	-9.033689761170652366e-01
2.584686318685661899e+00	-9.810684032901364482e-01
-1.299929776203220533e-01	-4.197044089285089097e-01
-1.629072173625089937e+00	2.772464234356398549e+00
-5.190162239741112904e-01	-1.945359742487041466e+00
-1.032853771709921542e+00	3.087864222239705025e+00
1.947809207747593641e-01	-8.775831754149016062e-01
5.831615041377279374e-01	-2.869092967798993143e+00
-4.903468263665332061e-01	-1.127365124137818198e+00
-2.043023038739393282e-01	-9.356889184703598428e-01
3.739025977490735286e+00	-2.197627449060144400e+00
-4.110718410072692897e-01	-1.807481081404312295e+00
-3.124533369041055941e+00	2.223892037577498204e+00
-2.669226756006665813e+00	2.677928901092122338e+00
-2.988671483499071524e+00	2.579685177670677287e+00
-2.967519718967305487e+00	2.903997395339333210e+00
-1.648681693997075426e+00	1.423856862294160752e+00
1.921655388571115175e+00	-1.266735495419909485e+00
-6.146865691155904976e-01	-1.938979371451461375e+00
-1.251732207487249893e+00	-1.768716222387902492e+00
3.564874900705198968e+00	-2.715453176966740489e+00
-8.945608552422971149e-01	7.048268016521821444e-01
-3.836161684269209782e-01	-7.431096551387142424e-02
8.945127945231962086e-02	-2.941450450534790484e+00
-1.198256642855640042e+00	2.706411033677462274e+00
2.631871144796932516e+00	-1.296314132403865615e+00
-1.340175564122309204e+00	1.237589194216632160e+00
2.238926733160921945e+00	-1.740584525416730699e+00
6.346467725408164728e-01	-2.746228800910680778e+00
3.567894098599590613e+00	1.159649957272366610e-01
1.280753605241159887e+00	-1.131484300566921508e+00
-3.368021163094706005e-02	-2.684284467540642982e+00
1.445371005430754474e-01	-4.106838203672512400e+00
4.062012815966141444e-02	-3.793928476956871965e+00
1.384487815835706570e-01	-2.467587859316630272e+00
-4.416651902734783919e-01	-6.001205474132579321e-01
5.405068614523329540e-01	-3.407158128789446128e+00
1.294890813650890760e-01	-2.480273011170246011e+00
-2.470782384323486347e-01	-2.147526279627944401e+00
-4.653736706760067676e-01	7.622028490659397137e-01
-1.379010635839930776e+00	2.669726792213247712e+00
-4.223063685203405804e+00	-1.503991730629805623e+00
-2.430521335278147954e-01	3.121218953279925934e+00
-2.580079589612989666e-01	-7.316888339549491027e-01
-2.428528026764643077e-01	-2.749886195586559889e+00
-1.185407899535339427e+00	-1.772505017672635130e+00
-4.555368599881866043e-01	-2.720777381107229775e+00
-1.083389346096329975e+00	-1.792706154030662802e+00
-2.774569155092804218e-01	-2.132568685720191759e+00
-4.493998660570454606e-01	2.065694712401112021e+00
-3.038754275093505930e-01	1.071451248409868162e+00
-1.090462300126762818e+00	8.480851999480613079e-01
1.189085504275122718e+00	1.254350398395941424e+00
-1.180176338735630659e-01	-2.709678386978464637e+00
-1.040029832089870210e+00	-3.720804213468293931e+00
-1.468063203496650759e+00	1.152611792213730668e+00
1.287842368186650877e+00	3.365699234319036837e+00
1.810304692395517723e+00	-1.010880376594215591e+00
-4.595037447951048626e-01	4.818825523818965895e-01
-2.376195751977462078e-01	-8.602270196253719581e-01
9.070906536648928320e-01	-1.958534255443208805e+00
-6.438229777401756060e-01	2.465237595394891568e-01
-7.139314818441479249e-02	-3.090453345005057084e+00
-7.712697643965660266e-01	3.107198196088677644e+00
-8.753457292927446787e-01	-6.443569404415350199e-02
3.747401582191756564e+00	-2.647973526524459498e+00
-5.355840545090267968e-01	6.034684132334720008e-01
-1.557311553589696140e-01	-3.659643321195674925e+00
-6.056088948864385424e-01	-9.384697712199950859e-01
-6.080429666288327678e-02	-1.920902067793180734e+00
-8.033872520021946295e-01	3.071705558305450001e+00
-1.099539058465690555e+00	1.013733996800037174e+00
-1.052387339180297365e+00	-1.558996129369520700e+00
1.941311244579554396e-01	-3.760937432304225059e+00
-1.124744275741985933e-01	-2.623941349659636657e+00
-5.009514508291155188e-01	-1.080229472136839952e+00
1.404476104562844552e-01	-2.037442847678389235e+00
-1.784246549123568448e-01	-2.197139456606388652e+00
1.892258790063954532e-01	-3.344925040746779654e+00
-3.698885570765847453e-01	-9.092759687385650880e-01
1.284632755846731589e-01	-2.837101118346259110e+00
1.349337970588206093e-01	-9.722430699227589956e-01
-1.143446035047358755e+00	-3.820167986148197858e+00
-2.142238599750320716e-01	-1.958099845268476580e+00
1.231174749465985679e-01	-2.228804189172420624e+00
3.508223325052814978e+00	-3.695183626230543195e-01
-7.692810134939516153e-01	1.482315357615290041e-01
-1.110241616200109194e+00	8.032953667175990464e-01
1.428697831310993926e+00	3.303795683997247767e+00
-9.038047070135479810e-01	-1.835334080046618688e+00
-6.581008379204098535e-01	3.218747803559799614e+00
-5.421666362610562118e-01	1.080606512657858120e+00
-7.979355598204935784e-01	2.834053727008279733e+00
-1.245474929918344742e+00	2.694469639019087648e+00
1.948994816972204447e+00	-1.783810407078628479e+00
-6.335463553405262793e-01	4.420373975476568074e-01
3.633267823697817089e+00	1.233631408249610040e+00
-5.986849276972145972e-01	-3.514673594441942939e+00
-1.095455639808158299e+00	1.552807735701343006e+00
-3.681921981162322721e-01	-1.815474797788856343e+00
-4.427879337508704438e-01	-2.480353746146800376e+00
-3.205372248546149994e-01	-5.878361475242893652e-02
-4.065309960927928623e-01	-1.805614362189780664e+00
-1.398609961934158097e+00	1.132455372993891540e+00
1.627593140973495167e+00	-8.987140116944467572e-01
1.448460356348467259e+00	-1.608006908228572174e+00
6.663817546181166618e-01	1.131811028901438032e+00
-4.017293031335078535e-01	-7.229938944631507658e-01
-7.384321874261985386e-01	2.117334926063124012e+00
-3.238644639813919590e-01	-2.191894583824004261e+00
2.715693816779414238e+00	-1.132742322972031701e+00
-2.299584397712224615e-01	-3.030693033688519389e+00
-8.087785514821058674e-01	-2.889237114530047723e+00
-4.078127911745630940e-01	-9.042378119601229836e-01
-5.832293491622034809e-01	-2.751088720926661679e+00
2.308467678071973450e-01	-2.075847859040952592e+00
-1.452013279027295711e+00	1.484213811323526366e+00
-4.203378779584811438e-03	-2.396655131437690933e+00
-5.649319101519736062e-03	-1.031402531942332557e+00
-1.223697456189224875e+00	7.068461865984475567e-01
3.167299213937250779e-01	-1.764723340965431930e+00
-2.905073803020936651e-01	-1.001252720323400069e+00
3.103239959562657635e+00	-1.923024295404607731e+00
-3.023325723740325488e-01	-1.096991982869772064e+00
3.351190492852491043e-01	-1.295710735400260827e+00
3.642554791510462131e+00	3.681278840007592423e-01
2.413045264569481763e+00	-1.483801654660463987e+00
-6.924918699999245142e-01	2.159584715748045447e+00
-5.627356965513018450e-01	1.017376736658889835e-01
3.002279383436831095e-01	1.145167813143618041e+00
-5.288744371424848323e-01	-7.062808464870280467e-01
3.271265103671604502e-01	-1.684530826552721905e+00
-5.412826844737638199e-01	-2.814915119629603613e+00
-7.207533188569579252e-01	-2.343060530395132179e+00
1.032332307324516529e+00	-4.487527375905847049e-01
-1.142544093550067474e-01	-1.976612758875429865e+00
-2.042568309842658913e-01	9.085394763374792237e-01
-2.137781249247053608e-03	-1.217335891303191531e+00
2.470754625522595185e-02	-1.376474694501199192e+00
-9.727248661696410448e-01	-1.805921030408914385e+00
-2.763270123382419730e-01	-1.868858361353197495e+00
-1.150733997261566222e+00	-2.045177699877102295e+00
1.408336148810866550e+00	-9.410800385703832482e-02
3.883359494624975650e+00	-2.628389454416600657e+00
-5.934197684382147564e-01	2.339190096047241985e-01
-2.140318995371459643e-01	1.842247065350511859e+00
-3.333380211725795572e+00	-1.702578104330902953e+00
-3.195337791710585185e-01	-2.183438390330766143e+00
-1.092494944634530896e+00	-2.852034607392170962e+00
-2.221931195387242819e-01	-2.739451481941717503e+00
-7.101592431257149896e-01	-1.502090996831333625e+00
-3.025438616861926833e-01	-1.716047778522727940e+00
2.141869544961120031e+00	-2.023472352575864941e-01
-5.790401817974214493e-01	-1.515772506346436455e+00
-4.452360242137688995e-01	-1.906573399859771589e+00
5.088629112756454242e-01	-7.663456206957753869e-01
9.206708466961101289e-02	-2.007189403369874281e+00
-9.451499632747781821e-01	-1.459482786718511449e-01
-9.942742992629175491e-01	2.999510717946208604e+00
3.669824060470364469e+00	-2.320005110517498803e+00
-3.053070826494149181e-01	-2.891933642102955115e-01
2.070843005088777389e+00	-2.701569756564624059e-01
-5.943899567073422929e-01	-2.380445106136173106e+00
-3.859829489982881667e-01	-2.027763474027861612e+00
2.719856552901824820e-01	-1.768841863805823866e+00
1.365378711966699354e+00	-1.742699546470996452e+00
-4.543294262235403336e-02	2.031035548158975246e+00
-3.575768586803801941e-01	1.787718855193861089e-01
2.941141118105026653e+00	-2.363626434514586094e+00
-1.242646546508582972e+00	2.029081234502160491e+00
-8.287948018153309393e-01	6.316250284294100403e-01
-8.869267622861638500e-01	2.881073470133457715e+00
7.262472097398933180e-01	1.908215705696973963e-01
1.261406734060680934e+00	-5.948249418250260989e-01
-1.024265607374435616e+00	8.558413476471551373e-01
-2.363267842224770821e+00	2.142673503458271345e+00
-6.145503218363115305e-01	8.980950026340051018e-01
-4.404032096051737066e-01	7.217089810507661962e-01
-6.745903817302344452e-01	-1.946109855501150010e+00
2.225795481978489310e+00	-8.680131027984262504e-01
-3.562710549448940278e-01	-8.863386128209572723e-01
4.046571078067228378e+00	-6.168356536510636312e-01
1.422615389354096260e+00	-1.910698823075861030e+00
-1.054456552003058878e+00	7.495766541201637212e-01
3.354246569650022103e+00	-2.124819766123760889e+00
-5.379646260377042299e-01	1.399043254864398289e+00
5.333923371756260634e-01	1.393804282711625264e+00
-6.527509409344982583e-01	1.491985245207218203e+00
2.119903079869455809e+00	-1.068234912722099583e+00
-1.258784427401859196e-01	-1.587752719262218948e+00
8.136312184562599636e-01	1.177780369015952067e+00
-6.814500721530775129e-01	-2.235391044333267629e+00
3.610706853814317219e-01	-2.429663368070706930e+00
3.460610820092487327e-01	3.927242133312624506e-01
-2.801187544764193182e-01	-1.759634269985950406e+00
-6.396362033230176269e-01	-1.190408939100622954e+00
-5.013615914326466916e-01	-2.609501623911088419e+00
-5.977964367297255999e-01	-1.680731303556483480e+00
2.212446415417460788e+00	3.923398041924405000e+00
-7.210520248598772941e-01	1.007273229670918591e+00
2.305396154081736704e+00	-1.950342309815125408e-01
-5.124567114131612922e-01	1.068695684755097908e+00
4.041897915930013241e+00	-2.400251078377206859e+00
-1.138980777797367477e-01	-3.266979116550550177e-01
-7.059352798601926660e-01	-1.791337939451051797e+00
2.702259626086512156e+00	-2.689717666352359760e-01
-2.280684078287421368e+00	2.284786807040929180e+00
-7.895123565560301371e-01	-1.857651355231718426e+00
3.963533039452273726e-02	-2.455660756153499769e+00
-2.494908329835647809e-01	-1.448058742166900226e+00
1.481127278357765142e+00	-7.703777417379635839e-01
2.478862833974555979e+00	-7.209489290680297646e-01
2.810626176358402173e+00	-5.422294787187923459e-01
3.771436541319028724e+00	-4.502915015280274658e-02
1.073434889218750632e+00	-4.353051210386165160e-01
-6.471557227959880976e-01	-1.447878040798302290e+00
1.973569843054438167e+00	-8.964577747750082093e-01
-6.868455043859107434e-01	-2.251433452641795618e+00
-8.212643365805961659e-01	2.653758225224751577e-01
-9.337291754856043291e-02	-1.721414141880542870e+00
2.225106619099921801e+00	-1.069359700582800388e+00
-3.127337938286658847e+00	-1.368873480918062935e+00
2.369446586947523858e+00	-6.375081915992298898e-01
-9.533305398420117704e-01	6.315764012159832408e-01
-7.173462734216921044e-01	-2.367283017710102744e+00
-1.319118172952123968e+00	1.724992985334939943e+00
-5.767922644837121249e-01	2.696650853491206590e+00
-3.690667455611892356e-01	-8.487600909927569548e-01
1.436971799077097156e+00	-1.251374812571804718e+00
-2.621259284876488738e-01	-6.832332639230124238e-01
-6.526520544260993040e-01	2.791188448278102197e+00
-3.137303202470179131e-01	1.307893658975288129e-02
2.615035251819842532e+00	-6.143018739786646476e-01
-2.930155637928540280e+00	1.533967547685470612e+00
-1.934405186522696107e+00	-3.039800449659161519e+00
1.311973117548446144e+00	2.272204795399728472e-01
-1.156408275355655491e+00	1.304719598975937256e+00
1.153244220405656772e+00	-1.786717463187159849e+00
-9.289392418816133645e-01	3.138892801594244553e+00
-8.572055321827751762e-01	9.914386028250888883e-01
3.119348676379911645e-01	-2.068249171520523788e+00
5.903878577806699335e-01	6.779048301999829329e-01
3.760256642396949012e+00	-2.864739239983258301e+00
2.426831593262478215e+00	-1.046801800139427918e+00
-7.028297495277716633e-01	1.173102972861254978e+00
-4.057724798991007020e-01	1.392480063311506422e+00
4.290760409896212657e-01	3.532586767534422023e+00
1.882703345877186907e+00	-1.441315715349813731e+00
-1.491774545973966470e-01	-8.125296492936269210e-01
-1.233439655844764671e+00	2.415771802637999066e+00
-6.937159208593216553e-01	-1.828911779775767688e+00
3.712688072006264939e+00	-2.644530076399900231e+00
-6.658428871422411577e-01	-2.348026526967632144e+00
-6.390532620650838380e-01	-1.582251338187508960e+00
-1.164188768191942946e+00	2.502139935580103280e+00
2.044959737806894218e+00	-2.589113027970628256e+00
3.238586826218250891e+00	-5.921284294952935401e-01
-5.849250991698410340e-01	-2.771692593861290188e-01
-7.799276806296688846e-01	8.904604805489093611e-01
3.710901147607889694e+00	-3.399613584178896031e-01
3.602060937919525418e+00	-1.190039024692001179e+00
-1.938346914234070351e-01	-1.539403682526592432e+00
3.857997454372963375e+00	-2.961524302678160414e-03
-7.560162833551287154e-01	6.937623138002373124e-02
2.103939758415373618e+00	6.832788949786816612e-01
-7.579701143706640831e-02	-1.463596632394822183e+00
-1.103623124286250201e+00	1.178430598844758093e+00
3.256527098773746687e+00	-1.227484878415116221e+00
-6.430395929215017015e-01	-1.990645527777053836e+00
-7.146074652185512299e-01	6.020410794761692497e-01
-1.571588105214470898e+00	-1.430004430102927770e+00
1.145089952636260788e+00	-5.756690533851465119e-01
3.987470072141470645e+00	-3.041436289817392780e+00
1.220220276593528164e+00	-2.059005486575396393e+00
1.678557655265858761e+00	-1.657796762112625943e+00
-1.589791659891716558e+00	1.519920263691906248e+00
-1.175033951368363860e+00	3.011234234625413286e+00
1.674038159616055621e+00	-2.195602327695929112e+00
6.084165835879767892e-01	1.104039856476190407e+00
-1.216508551015990980e+00	2.436403130431480601e+00
3.637061401440895292e+00	3.674738130093475608e-01
3.634861657831011339e+00	-2.093074484671005653e+00
2.394847463705719603e-02	-1.152479010892397904e+00
-8.353649726583860513e-01	1.393384380221002639e+00
-2.445853631853910137e+00	2.819234783089715979e+00
2.516185733816626247e+00	-8.001571234996722737e-01
-4.669584386370394524e-01	1.905476634461765961e+00
-8.546314072289998842e-01	3.475412825889970803e-01
1.378535421083172841e+00	-6.914321232154930774e-01
-7.624392285846365303e-01	-2.375797552124399026e+00
-2.640571253075158165e+00	3.078749547125091829e-02
1.362998381204178627e-02	-1.510847239437335787e+00
-5.822021566119554015e-01	7.240268589298360924e-01
-1.135407096139405159e+00	4.673524239232080824e-01
-5.931649450152464143e-01	1.088238176716191496e+00
-8.451990448320377824e-01	4.949937926109406194e-01
-1.231665130916047846e-01	-3.149805460049504902e+00
-1.715955834194596852e-01	2.259077840550854574e-02
-1.260152148594464450e+00	1.280258043203948315e+00
1.571689812561144761e-01	-3.172895885057663623e+00
3.402521891598163428e+00	-7.840334399864209436e-01
3.372263348914635195e+00	-2.633368248791413180e+00
1.346010653909852195e+00	1.511855712948693364e+00
-2.192422763714999001e-01	-2.008180386343164869e+00
-8.497257877694588402e-01	-1.209659086344376577e+00
3.162294728289771761e+00	-2.460154454145427660e+00
-8.205851239618967563e-01	-2.028345491815326973e+00
1.443650667991305925e+00	-1.148219279452672437e+00
-1.046929692875233853e+00	3.187371777411101004e+00
-8.976528181761457281e-01	6.271954135273518638e-01
-3.739464802503519869e-01	-1.840302488345268550e+00
1.935941917087820596e-01	2.407512504658839703e-01
1.778459907627707004e+00	-8.337034237096042910e-02
7.492782063934839698e-01	1.281832699296385547e+00
-3.173383876629896072e-01	-2.528908359956616891e+00
9.737188679736699659e-02	-1.011711671780239241e+00
2.428891250103225319e-01	-1.275372035936543025e+00
3.464303870546127373e-02	-1.660924838700297723e+00
-9.774983508876572413e-01	2.870067013655850929e-01
3.553259448044631785e+00	2.256544375027986701e-02
-7.223078225798162944e-01	7.427534198863519066e-01
2.050642400407797883e+00	-1.243467030628267134e+00
-5.156230086550195324e-01	4.804553147913565025e-01
2.199907569414118580e+00	-5.506112118436563563e-01
2.727898342638189089e+00	-5.858519351175529577e-01
-1.397539111780447652e+00	7.772266236540935624e-01
3.605503610964149175e+00	4.103759390355073838e-02
-3.708871668478821437e-01	-1.939464664513861791e+00
-8.283449757408126723e-01	1.469169200715541690e+00
-1.626328016884281746e+00	2.572547952074590416e+00
-2.617873637559767902e-02	-5.065670688145192946e-01
-9.582312284571542493e-01	-1.545728672934272074e+00
4.190621401353418207e+00	-1.707923566704566687e-01
2.987941568793710978e+00	-2.581884832788488904e+00
-2.131478355024218341e-01	-1.790512426464090590e+00
1.593809065196420127e-01	2.621283799741113696e-01
2.979129099269860248e+00	-2.123537215822562274e+00
-9.163476333162474674e-01	4.978497174775408096e-01
-9.331095317907985853e-01	4.977808173317976315e-01
-1.024089121971953009e+00	3.342004158905977462e+00
-2.144690133658022080e-01	-1.203360214892350566e+00
2.705958302966950058e+00	-4.376233847034964319e-01
-6.378502071314002819e-01	-1.031177585400798735e+00
-3.406463114439869377e-01	-2.521463787707353799e+00
-8.650830382344214531e-01	5.469010597264821749e-01
-3.195433909979508713e-01	-8.422781696171066645e-01
-8.208320528520950399e-01	6.517868166731368706e-01
3.173678789697773617e-01	8.498985859109573493e-01
3.807863471142492351e+00	-1.781155607889947090e+00
1.602412712979691678e+00	-1.401340424674194507e+00
2.070970494695587583e+00	-4.894058314028445489e-01
-8.685562567070638229e-01	3.252789630622082928e+00
-5.004155667750209702e-01	-2.014167711132679894e+00
3.624773237597505915e+00	-2.685530721522046527e+00
-3.589012191500828286e-01	-1.401767351919643412e+00
-4.738354033159585671e-02	4.183247312313150834e-01
-1.426550131274531286e-01	-2.956037788976125569e+00
-8.906450073983290805e-01	2.896920856752474904e+00
-2.164007714599208487e+00	1.151703171384696356e+00
-6.163687796891196280e-01	-1.588835262454779018e+00
-3.301008246295994430e-01	-1.259766728455369744e+00
3.644946480361670460e+00	-2.648285811374677223e+00
-2.515697480856728507e+00	-7.536922284158715790e-01
-1.372933487849317791e+00	9.172874734653526652e-01
1.300092158196513026e+00	3.385285476298811158e+00
-8.352967030649833813e-01	1.919122214884191102e+00
2.188721684096811781e+00	3.538286436282721326e+00
-8.764293016092485900e-01	1.905909415176042065e+00
-8.473804391487027576e-01	-3.004203835195330630e+00
-5.904145835865191039e-01	1.050503103144415418e+00
-9.595178043632972276e-02	-3.243845922755825839e+00
-6.440439304582866731e-01	-2.880635305567432525e+00
-7.604302639205570147e-01	-1.826728356732307823e+00
-1.545501537028515893e+00	2.180502468006379591e+00
-7.582680617481505347e-01	3.184362104484341316e+00
-8.313976081051858147e-01	2.509553076147595263e+00
-1.417715992407725167e+00	1.402431957280579899e+00
-2.224082585194647965e+00	-1.083265141538080734e+00
-3.326715397962426990e-01	-2.594782019663416150e+00
-5.174527464592704185e-01	-2.243318921902430318e+00
-3.571642556403497037e-01	-1.119739685513629679e+00
-1.982744944567587986e+00	-1.563890133682938943e+00
4.344572477523078041e-03	-1.528483126604617270e+00
-4.652114345749489566e-01	1.769712047189198278e+00
2.289621465760498520e+00	-5.207011754310568730e-01
-7.555895777329787455e-01	1.508585943446678845e+00
-5.644440733226692153e-01	1.371279076529961394e+00
-5.404892768693171368e-01	4.491002633639551433e-01
-1.508067507709778043e+00	-3.157011073198466633e+00
-1.151349597408827918e+00	-1.770857311524322464e+00
-1.345154011722194287e+00	2.957135988333840615e+00
9.329526090102515656e-01	1.292683831823803420e+00
2.856221208235962372e+00	-2.684785151646233992e-01
-1.718426359895377509e+00	1.667213034503716163e+00
-4.394979771421299031e-01	-2.394168700945751294e+00
-1.928192519172467589e+00	2.823663080703424200e+00
-6.401123812740472374e-01	-1.929365720823141395e+00
2.218022723195512746e+00	-6.618238512029887000e-01
-6.011911069938224994e-01	-2.036698173981808857e+00
-3.322169829111440986e-01	-1.745988374100055474e+00
-9.051050798227169292e-01	-1.759595367603440930e-01
-1.015630847590595520e+00	1.219877695238030801e+00
-9.953623217559000036e-01	-1.840953141372088542e+00
1.970672350304976783e+00	-4.239468323269928729e-01
-5.027343365292094024e-01	-2.972054083164422433e+00
3.588409410543413891e+00	-6.576110957715128880e-01
-2.845723122505572356e-01	-2.403507408525370703e+00
2.233720649635384525e+00	-3.046433193935498718e+00
-5.884982314779850787e-01	-2.549775043704707755e+00
3.414217221131974345e-01	3.094254323434417753e+00
-5.636986630051180613e-01	-2.138540596249856485e+00
1.931975768623619194e+00	-2.733769903675409729e+00
-8.561903287388593631e-01	-3.361355936561356117e+00
-4.792042713917194496e-01	-3.332325223233869149e+00
1.622293156621025245e+00	-2.220943444114044318e+00
1.694528195230980527e+00	-1.563582534498406673e+00
2.455019933620028905e+00	-7.381331439850697951e-01
1.616696766182229128e+00	-9.584589281155564411e-01
-4.489576419462077084e+00	-1.340444791615336417e-01
2.746770529962921259e+00	-8.743592178672900950e-01
-2.910393437646674020e+00	-1.750314239423043927e-02
8.309622210386787833e-01	3.368098849229878233e+00
3.774996568798424157e+00	-3.003353207288235738e-01
4.011507477346181183e+00	-2.493228985002179598e+00
3.296001315984204982e+00	-2.305839561484058997e+00
3.694861115398583085e+00	-2.386084378543662066e+00
-2.450363114840833578e+00	-2.427820362100151508e-01
1.487691661791648912e+00	-5.392318576602163072e-01
3.576260748416435487e+00	-1.017822271719019289e+00
1.594417482960378996e+00	-9.029936185599303222e-01
2.907381015744824548e+00	-2.746037413097519586e+00
2.705019703823762889e+00	-2.412209495805266446e+00
2.949482324522084475e+00	-1.929547670154058592e+00
4.006214205707137488e+00	-1.298903881548661987e+00
-2.442710721441657906e+00	-4.457817051036208067e-01
8.810373546453555971e-01	9.543677953782357948e-01
4.008460841075572212e+00	-2.545299479881255156e+00
4.268151312691353283e+00	-2.113535417387534254e-01
2.736524977760860233e-01	3.563402987155774304e-01
3.534099623466072870e+00	-2.772470129029785957e-01
3.972985861376770345e+00	-2.703851657321812318e+00
2.135219117004149680e+00	-1.003783073257338954e+00
3.961426084902644806e+00	-1.353083610540783299e+00
2.101991386319980837e+00	9.242293620099074625e-01
2.210418975570081379e+00	-8.187411216624278509e-01
6.023019987474220738e-01	3.047733210477888477e+00
3.459171547975691485e+00	-3.739589195333882787e-01
-2.757832103322157558e+00	-3.265908017865812862e-01
1.539229398003621130e+00	-7.405333314435948999e-01
1.883886919683814165e+00	-1.712767505577235116e+00
1.128059052108886684e+00	1.089175866897671208e+00
3.465804014197984895e+00	-6.022948261086501498e-01
4.284409140009834971e+00	-2.439228616783978953e+00
4.031168289665282956e+00	-7.282142706640926111e-01
3.495838676504134934e+00	-1.459325740187381371e+00
7.885072807930325611e-01	2.843359590484271671e+00
7.787548200796868825e-01	2.142406104803727729e+00
2.561720993304705818e+00	-3.124446278514347863e-01
2.855554858930685835e+00	-4.962511885439445658e-01
-3.755157370365893033e-01	9.426610205766174089e-02
-2.495376146744338719e+00	-1.010376708767337206e+00
1.855688335523455690e+00	-3.337856893088793075e-01
1.848803693201785281e+00	5.766866380851495139e-02
3.678996980122300808e+00	-2.524458500233446756e+00
3.691292254059337363e+00	-2.415953283335084745e+00
1.919399687467785887e+00	-2.043938491626916820e-01
1.433287475425764623e-01	-9.705927067440369704e-01
1.267918663639416632e+00	-1.218337656185255025e+00
3.436092533428083851e+00	-4.405496366696867172e-01
3.383096314023273266e+00	-7.753402975622295523e-01
3.627930529636480550e+00	-3.009059254705309661e-01
-3.928554500570383468e+00	1.797387641374749434e-01
3.684388538277923342e+00	-2.028945822911516483e+00
4.396378750337441854e-01	9.122058058397650715e-01
3.952788557409726788e+00	-2.624981009034959456e+00
3.741650151017472226e+00	4.537716220545852386e-02
3.655985530441955067e+00	-1.864296502860591564e+00
1.050000047219423083e+00	1.224323671456196028e+00
1.025489629128614189e+00	3.588252743264437328e+00
3.376456408578044854e+00	1.051069995301950666e+00
3.524725010272045100e+00	-3.737577976268014468e-01
2.148467333391463008e+00	1.717519125121572898e+00
1.427712325816642869e+00	3.419031446104634497e+00
1.387484988980991707e+00	-6.793865460442924942e-01
-2.010855867244154105e+00	-8.515745343410905388e-01
3.909114092083475711e+00	-4.973549184560620562e-01
3.968336111149473933e+00	-3.020761232696135279e-01
3.477014326540950773e+00	-9.451538213646193398e-01
1.041965320595849676e+00	1.814560013122638482e+00
2.290941859138581727e+00	-1.527817959376458257e+00
3.167353059726602194e+00	-2.941461088460344708e+00
7.059572013386995470e-01	3.090266425569557107e+00
3.960032875546586340e+00	-2.624584782767854563e+00
1.469828205176707092e+00	-1.522499027401113647e+00
3.789115672581779393e+00	-2.047229346292533114e-01
1.206311770600985378e+00	5.298051200798893356e-01
3.180668938373965027e+00	-1.184408230713623000e+00
2.444172570921905319e+00	-2.226115550877156402e+00
3.961447419415429660e+00	-2.751021762030492757e-01
3.899691884173871692e+00	-7.980504497977328748e-01
1.687065722799938827e+00	-1.005450391074777627e+00
3.892870019292080652e+00	-2.628717469234026716e+00
3.596679644258212072e+00	-2.638414223641005751e+00
3.230812248070688231e+00	1.308268464823541199e+00
7.423469045511954523e-01	1.563907745970465557e+00
3.710573280665003804e+00	1.222693457870247968e+00
2.905869760488611231e+00	-9.617828207184752065e-01
-3.863604661379102634e+00	8.823986862846971979e-02
1.273802697451324351e+00	-3.021679029063314648e+00
-1.993023441136695162e+00	-2.527459741724496389e+00
3.481999603014638289e+00	-2.503942219509137646e-01
-1.447924290896425381e+00	2.681101531233998081e-01
2.619341948024930478e+00	-2.637484168543295926e+00
1.421895809191665139e+00	-1.471253232818542145e+00
3.608281107444486047e+00	-4.135474639805813979e-01
3.819421990429813452e+00	-2.218992930453194123e+00
2.588171351407405840e+00	-5.285000404839593768e-01
3.765064174577889666e+00	-6.156947303448305764e-01
3.686177934159823533e+00	-2.434895652293048496e+00
-1.300504854521653764e+00	-4.967906664406594452e-01
1.018193231583327307e+00	1.911109587795092546e+00
4.454669831249780110e+00	-4.301593604460058895e-01
1.544741099561633302e+00	-7.407475925605179201e-01
-3.910596431526810246e+00	6.155875486667425900e-01
3.755445473691190195e+00	-1.872444492255116166e-01
3.612435851670322773e+00	5.676654985410130028e-01
1.848124242032599840e+00	-1.844513252197994557e+00
3.071635319606550674e+00	2.042828666657546255e-01
3.825768799230277573e+00	-5.621593779191891987e-02
3.054399562900785625e+00	-2.666266993881427627e+00
-4.419955383236416679e+00	1.476753540602896431e-01
3.736886188015180021e+00	-1.687621209206736417e+00
3.111287970698827898e+00	-2.720035842166572682e+00
1.130130605128737642e+00	1.832061775246526025e+00
1.022669085272698730e+00	5.175691848024048802e-01
2.209772992701202643e+00	-1.525710564458553631e-01
1.047474857063224407e+00	-1.057082066916908092e+00
6.331325384498064368e-01	1.548620817025165630e+00
3.811325998206060106e+00	-2.776813028859976384e+00
3.441991775152903887e+00	-2.781837228223249081e+00
1.903860587340700850e+00	-1.906135789040964923e+00
3.884500329714132061e+00	-1.876591544597303596e-01
2.426991409919915910e+00	-2.025488230428693193e+00
3.802424559968641482e+00	-3.237827123911451999e-01
2.925542158435904927e+00	-2.611607535689208781e+00
3.219224487115736721e+00	1.417369951511073145e+00
2.347505013171018451e+00	-1.356118622052965517e+00
3.643550509198657306e+00	-2.140639845301752775e+00
3.956760412229301860e+00	-2.676444577056964924e+00
2.763162283929179175e+00	-6.885768092769865012e-01
3.221054213815231382e+00	-2.887186993818969261e-01
-2.487565374373051696e+00	-7.757491870348419694e-01
3.163100911732207976e+00	1.367887223523778228e+00
-1.635590996467154890e+00	-3.170293061798168943e-01
1.062621564313105393e+00	1.047248492290550947e+00
1.695276700705715012e+00	-1.942011090067223611e+00
2.933487871634123056e+00	-8.076790861279934397e-01
3.972622722927594108e+00	-3.349578330244713520e-01
2.559693925552504190e+00	7.700650810109660460e-01
3.808536339075921706e+00	-2.288875693520167953e+00
3.834412210664416065e+00	-5.097424231634988256e-01
2.105657963419011125e+00	-1.685423967367405851e+00
3.939270330126100284e+00	-2.466169543352447313e+00
2.640520573318424713e+00	-2.617758227713109953e+00
3.851954195008223891e+00	9.246478906059753256e-02
8.844575074386691327e-01	3.981182172919119910e-01
3.224213463652492173e+00	-2.293691740136391655e+00
1.555005152261717427e+00	1.043002767612746684e+00
9.481003673866655879e-01	2.075866289412495291e+00
9.864097177106146974e-01	5.333609397093627136e-01
1.451878288482906676e+00	2.049238388651832388e+00
2.647125905640086874e+00	-1.065603860684945364e-01
6.186135352806007015e-01	1.245832327219328350e+00
1.639431829318835909e+00	-1.386439051265466293e+00
4.066312668463646141e+00	-9.435764662218261156e-01
2.919910169799376121e+00	-2.784175353858659108e+00
1.854076369534807922e+00	3.793290189179609140e+00
1.391804965872321054e+00	-1.633433302146079624e+00
3.755314841840017070e+00	-2.366245054266757464e+00
3.712524761027696574e+00	-2.703255660545854644e-01
-3.280677572466706771e+00	1.250050995037500723e+00
2.644691540773615568e+00	-1.226503102130296341e+00
2.697031028585131551e+00	-8.727663344933873635e-01
1.843320919954618997e+00	-1.306809825220220045e+00
3.464998494409752716e+00	-1.343489177841610038e+00
1.078784170306350987e+00	-9.789195402766993626e-01
3.516730075671548494e+00	-2.703456153096777559e+00
3.656302567895722166e+00	-2.565144093724411434e+00
3.931526031075547767e+00	-5.774170797488014095e-01
1.091475013800184080e+00	3.081313020075088449e+00
3.542281232187006079e+00	-2.546625837020517480e+00
3.852212184691912622e+00	5.291910392971667099e-01
3.214893101812633436e+00	-5.526100670135359882e-01
1.224191253259745871e+00	-1.324405734136812285e+00
-1.839741470918517141e+00	-6.624721388674170708e-01
2.882316607294323596e+00	-7.990574138266409721e-01
2.154983443283024602e+00	-4.835990458584251139e-01
2.164445586078398875e+00	-9.647802002551330025e-01
4.050199385664302376e+00	-8.361741387279042481e-01
2.045898872010767366e+00	-4.296307544471502649e-01
6.623556141919821894e-01	1.527473054255405582e+00
1.238616623285199614e+00	-8.102083866598253081e-01
1.317414436181855608e+00	3.264175181375307933e+00
3.143770244017307203e+00	-8.418358830142596005e-01
3.509345068453685101e+00	-3.860486979853875594e-02
1.509646527640123193e+00	-8.679289368258084059e-01
3.001958574042457695e+00	3.763139269907308515e-01
9.869467230537318780e-01	-5.038843194703753747e-01
3.456962207514779450e+00	-2.338749992929216592e+00
3.774463421147421283e+00	-6.818559330627225190e-01
3.578425747003918911e+00	-1.572488744526717275e+00
1.974268320955514744e+00	-1.819945566943751425e+00
3.575059937667618648e+00	-2.733307520439628990e-01
3.725897721965095055e+00	-2.535417176390689864e+00
-3.647936376590077856e+00	4.922184650782753801e-01
1.827263068131901091e+00	1.565373236350536823e+00
1.072447790071837659e+00	6.107401383994430777e-01
1.498505884430344937e+00	3.412890575307403029e+00
7.216389545837537112e-01	3.186035874362102227e+00
3.109828779319383507e+00	1.521349813979091303e+00
8.101278414588810595e-01	1.524558066476949802e+00
6.298840722260867775e-01	1.508541504163669611e+00
1.604748818886469364e+00	7.505410588118722748e-01
-3.084538075025974990e+00	-4.784041463881324452e-01
3.343422088944253190e+00	8.499897513594451004e-01
3.415105586878647959e+00	1.485768668593099973e+00
-1.570085591585133056e+00	-2.788236139792786838e-01
-5.546048480416797544e-01	1.085587500911314729e+00
9.927059183528186281e-01	2.787395530932428755e+00
-3.138847825220565380e+00	-7.907704374189400420e-01
1.066470894755636056e+00	2.589504423666928901e+00
1.929232234893465625e+00	3.252251505193532566e+00
-2.318282588576578429e-01	5.068258539260074302e-01
1.051146425416063623e+00	3.150713959871342951e+00
1.040242153366434108e+00	3.197565476557528985e+00
9.974497986459091026e-01	3.155505238814326763e+00
-2.971079069227790637e+00	1.638691791595063008e-01
5.359321918703259247e-01	6.128077017610733535e-01
-1.471420606247091589e+00	-3.007334392367992382e-01
-2.504067874746961131e+00	6.059863733638831684e-02
-3.396635336001769812e+00	-2.193612384913642965e-01
8.368847562191085165e-01	4.308671579217986936e-01
1.209415997737306903e+00	1.190736800047843547e+00
4.894703116914616015e-01	1.372336418187763529e+00
8.366848065920102773e-01	7.845813884714007980e-01
-2.905403003296812781e+00	-1.899715384326927381e-01
-1.654706727383935094e+00	2.512285496538731344e+00
3.314442650040575700e+00	1.459058692127314094e+00
9.804749546552015138e-01	3.598440369477514000e+00
1.834519103880957402e+00	1.671323879091237696e+00
-3.404004201935772134e+00	-1.722381995796354592e-01
-4.272209626684666084e+00	6.018479499542234157e-01
-2.413715507559388129e+00	-2.388110614034963053e+00
2.447586913913565976e+00	1.534768940948471938e+00
1.677832109773835567e+00	1.121477067445550091e+00
1.352894547058596908e+00	5.419271407281079922e-01
-2.172858475912785359e+00	-6.201476561756077421e-01
1.251304084298856090e+00	2.380005980867064164e+00
1.095997557194527516e+00	1.271487135856709028e+00
1.120677536263677387e+00	1.449518693843056649e+00
1.001866869175667585e+00	2.736478660619254377e+00
-2.159685527956752171e+00	-6.253714408200969910e-01
-2.904483885323498438e+00	3.962120494776160545e-02
9.824139772369082646e-01	1.460148464618013397e+00
-3.638897990835515461e+00	2.986831660706712119e-03
-2.332650073150749570e+00	-8.246293935530089186e-03
9.556630060315424169e-01	3.175344048739607405e+00
1.797336408686247333e+00	7.430228879603278935e-01
2.073717253939195260e+00	2.182036053664921094e-01
-3.029732650281394601e+00	1.194365380136197752e+00
-4.047465300603684035e+00	-8.411278944351722187e-01
1.010973179196689609e+00	3.104429862323210276e+00
8.887610350651861113e-01	1.836775539870508567e+00
-2.340175245658775882e+00	-7.059120156928153644e-01
-3.311559713924938642e+00	-1.557803055525663616e-01
-1.767362239008392288e+00	-5.959012307863408298e-01
-1.947605276488600046e+00	-7.137648882049815180e-01
-4.208275825451869068e+00	-1.494551500490231666e+00
-3.249856730169032648e+00	7.933619177638727704e-01
-2.592383593838352152e+00	-7.533179964355037894e-01
-3.995794812172356547e+00	3.603307146497641278e-01
-4.111165656329643703e+00	-8.671585723783497013e-01
-3.853175534050400586e+00	4.219337637195888502e-01
9.307099140603374288e-01	6.755613083738870595e-01
1.118970160738483433e+00	1.437077258692048165e+00
1.008787648345948140e+00	1.448991120842676894e+00
-2.742820628076104494e+00	-7.245265387901580478e-01
-3.686938560033444112e+00	5.118009656736179913e-01
-5.976277637533525811e-01	1.848334839329004220e+00
1.374918241220993487e+00	3.107379830140173826e+00
-2.666621546733025649e+00	-2.950967147317903327e-01
1.064711131832643209e+00	1.724944398935970291e+00
-2.835208662354331555e+00	-3.798724478957259953e-01
2.563060880394861241e-01	1.460550169711836155e+00
-3.088061402352812124e+00	-2.151934954427187741e+00
-2.250197342357205255e+00	-9.548319718690064795e-01
9.868882073320869308e-01	1.245333889192142829e+00
-3.938102799596602921e+00	3.648084601899383994e-01
1.364068881770888364e+00	3.263050793718057729e+00
6.622459202549930701e-01	2.657058247346384960e-01
6.324367684049396754e-01	8.407884450565146217e-01
7.223461844813870991e-01	9.699698834365184652e-01
1.728458967597916951e+00	8.797800332344821728e-01
-2.125676533954075520e+00	-1.333255494518465201e-01
-3.373585749478965834e+00	-1.932863279284374736e+00
2.982935582951748543e+00	6.713714966579658050e-01
1.402240280423568519e+00	2.266588178315686264e+00
-4.157644328335759809e+00	-5.285284725480887680e-01
8.414323561100689464e-01	9.216661605792585421e-01
-3.260368947559226793e+00	-2.103517709222264553e+00
-3.445772665157179837e+00	-4.443922261052878769e-02
6.023633490335452700e-01	5.010533634469259701e-01
6.884114665961047486e-01	4.926773909401640505e-01
2.735249321170218906e-01	3.077356384186930027e-01
6.290186289018893095e-01	1.219073542644308228e+00
6.232706594187213955e-01	8.219979568502955303e-01
-3.984668775680691333e+00	6.019057951805018014e-01
-2.345814265700217227e+00	-1.044293971868830023e-01
1.435760570718535689e+00	2.934476881520891922e+00
1.046596066014387150e+00	1.734407771941936627e+00
-1.969559234112631563e+00	-7.651620185708917221e-01
9.299252013448502385e-01	2.787267771766808622e+00
5.392884428540674069e-01	5.299456689384167696e-01
2.522567170480690013e+00	1.074704571887678206e+00
1.322981236922527781e+00	3.216657483949075136e+00
3.294972373584295955e+00	1.405340186241147871e+00
-2.309657337015164291e+00	-8.238207087220711378e-01
-1.923685596655280383e+00	-4.687755738044263598e-01
1.452705881995372428e+00	2.710972923164848059e+00
1.940397959904062830e+00	3.804883923341029650e+00
-3.769864843274381538e+00	-9.170900303199204240e-01
1.052467315398660563e+00	6.255216712930237177e-01
-1.811409704185036995e+00	-7.369390442749158832e-02
1.427836788368162635e+00	2.906950976504708350e+00
8.569498440269167627e-01	1.657417456056383687e+00
7.540688754384556880e-01	6.924192083701251610e-01
-3.694277392291675621e+00	-1.805721779334440003e+00
-1.644954497611341493e+00	3.321992197770374800e-01
8.856782601089345786e-01	6.673778511659801405e-01
-3.067154420612375532e+00	-3.183666800347720316e-02
9.564496534877975353e-01	5.447543036341879752e-01
1.127603422113079734e+00	2.504112622656835097e+00
6.899661984614463561e-01	1.757230686303775880e+00
-4.050257946298204459e+00	-9.373781378730503544e-01
-1.581289100339759446e-01	2.943788192469848131e+00
9.798589926683792806e-01	1.633897806487886850e+00
3.319976645994411890e-01	8.742905676548845539e-01
1.056311211659616500e+00	1.688525097626548899e+00
1.251422925008448095e+00	2.195506915301105977e+00
-3.578602057734121544e+00	-1.944543357330794198e+00
3.390306941927546891e+00	1.102207672786182480e+00
4.936589477139332049e-01	1.111384463284226243e+00
7.178623382131514852e-01	5.275785622747278802e-01
-5.103223416992993533e-01	-5.128243752081216300e-01
3.451421700742340448e+00	3.652701724715280984e-01
1.392692471443914615e+00	2.717856566763224624e+00
-4.051786483502868741e+00	-5.097542492349734777e-01
1.381755563095530583e-02	2.570289745245894153e+00
1.825878171320478138e+00	2.404263969676509738e-01
2.603352247033735578e-01	5.225824948322457253e-01
-2.154170409067225900e-01	6.767704557126853482e-01
1.257967204824189222e+00	2.053845160108926482e+00
9.295235931300416254e-01	8.647273815474590952e-01
1.944855554805068554e+00	5.233524013268517905e-01
9.040079989000507910e-01	2.209056083165555240e+00
6.802189963803276784e-01	1.595677814496402475e-02
1.004409584677234291e+00	3.365832383275892514e+00
5.847188217841324809e-01	2.144739034076050821e+00
6.933518969920677844e-01	5.358044712636659268e-01
6.165210983710075476e-01	3.471653143593217417e-01
4.470496058066219525e-01	2.449535429154781951e+00
-2.596690590236447438e+00	-3.546461422380959849e-01
-2.672652862386834638e+00	-7.974942686167622030e-01
8.585393507030741889e-01	1.916148744305295137e+00
1.581167306677821793e+00	3.040039780805313896e+00
-2.882619922880348184e+00	-2.957206664746220848e-01
7.287243658295289306e-01	7.319160468203247394e-01
1.291960762321562095e+00	3.658611587690167699e+00
-2.894134782461731170e+00	-1.172074252735650690e+00
7.330402183467358279e-01	3.130035538654589278e+00
1.582692963787388329e+00	3.186322558667944893e+00
7.124632499942639141e-01	2.618390575099537543e+00
1.073227810013740902e+00	8.763791335868398313e-01
8.014316314181358925e-01	3.306202295012337977e+00
7.708229124834685697e-01	5.167630713987363400e-01
3.455461956623779418e+00	1.255654324186626480e+00
9.018653037362659441e-01	1.014049543739912851e+00
5.620782021565419173e-01	2.179051364465170337e+00
-2.108713782285075222e+00	1.970826985471085258e-01
-2.724066161108139372e+00	-3.330652862536731540e-02
1.386445097648457914e+00	2.873153243334666929e+00
-2.676563616467648732e+00	-1.023373635622374600e+00
1.984626436570982311e-01	3.714211660933753878e-01
6.681486332301985742e-01	9.197522144953783618e-01
1.027388932970874968e+00	2.449825272003968823e+00
-3.966639459401328338e+00	-5.910661141338948571e-02
1.752387781663933497e+00	3.525591922523916288e-01
-6.878153783669578303e-01	-9.355754087916610118e-01
1.329417053360921974e+00	1.370311490273400157e+00
1.232797987158783748e+00	3.255441019970342964e+00
-1.164179695717053376e+00	5.899315141924366818e-02
-2.469658264352899035e+00	-9.358144623696852404e-01
6.939654736328840778e-01	8.338868426586820704e-01
1.289141623854010543e+00	3.432688945373553402e+00
1.707786292628863833e+00	3.587920318579151058e+00
1.690953201494425295e+00	3.560839946595981687e+00
-2.216036202005814193e+00	-5.427055406885566979e-01
-2.008152824734904751e+00	-6.511984271431832116e-01
-2.031217351301946028e+00	-1.358790985912476268e+00
-3.218762038489187738e+00	-8.631919478191384387e-01
-2.887410261441181181e+00	-1.202186386807006624e+00
1.262752984043203686e+00	2.937411160083207129e+00
2.151161807369214696e+00	3.850046279948185379e+00
9.133901674016826622e-01	5.990496504007857270e-01
1.086836165691776879e+00	3.158115659940438302e+00
1.310592299702725727e+00	3.598049271414084593e+00
7.076239108335916628e-01	1.057093816175686651e+00
-6.442274141297589241e-01	7.826763762977615446e-01
8.876920689997671587e-01	5.045503013833678718e-01
4.628720588609080422e-01	3.174822330953215754e+00
1.694443018660835021e+00	3.504928073546588863e+00
1.134987433905421561e+00	3.300011937252182115e+00
1.864819340035786643e+00	3.185820786386569292e+00
6.002689854592967444e-01	1.798303698291966457e+00
1.262094881279242964e+00	1.087884760441292897e+00
1.475111376915980710e+00	8.643172389457145499e-01
-2.549705262771317038e+00	-7.298075788065840896e-01
1.145627106511839965e+00	3.187418611982994143e+00
6.087286100079953854e-01	1.549476905015459094e+00
1.561581465591270756e+00	3.580479182381968162e+00
-4.389407933546698004e+00	-1.428666911915631665e+00
1.330555981392231191e+00	1.439934575834068919e+00
3.313435841652915492e+00	9.930223813792100618e-01
1.106088822783699577e+00	2.545706567479176563e+00
1.659698210569918508e+00	2.590060127815872359e+00
2.362223417177319540e+00	9.298044870145421026e-01
1.089239501642409458e+00	9.701367220973994288e-01
1.582712584426351654e+00	3.536134348277780948e+00
-3.092595742616836230e+00	-2.835523535897793539e-03
1.672054449681424915e+00	1.128595238614995555e+00
7.286742964268968503e-01	1.943309319821823422e+00
-1.955814909023894099e+00	-1.436320358564773469e+00
1.559162151725313805e+00	3.407442215360704907e+00
8.812437330514217848e-01	9.264266158295153542e-01
-3.012100426844929402e+00	-7.255540444397389210e-01
8.914307001548439358e-01	7.268358742854161836e-01
-3.830839012970850277e+00	-7.822668775083418957e-02
1.320929609147054817e+00	3.056331241107144603e+00
2.521652253775988894e-01	2.231702223597414214e+00
9.764885534569812675e-01	2.677663675607546256e+00
9.134749636198330469e-01	4.044903865720194669e-01
1.365855175721679693e+00	2.977517879433693615e+00
4.470263691539924644e-01	2.571182098277128514e+00
-2.229176007278280025e+00	-9.032263730731289186e-01
1.925870394806463715e+00	3.331607588547979226e+00
1.255964984087719394e+00	3.210585850469488189e+00
-3.671645103186476522e+00	7.427387317584659421e-01
7.758221104439005922e-01	1.546528666968479016e+00
4.161785168324340645e-01	3.016152003596355602e+00
1.618050392437989649e+00	2.109070030811315277e+00
-2.901969184957420844e-01	-8.571953415299703449e-01
1.275675201873297970e+00	3.299361427370048894e+00
-2.097243395427887958e+00	-5.035330640333055552e-01
1.306517613385774990e+00	3.337166121940629449e+00
-1.709708908517610926e+00	-3.978598777669531961e-01
1.709915832762560317e+00	2.546617801197225806e+00
9.657140624590113687e-01	1.735561014280239567e+00
7.120856792746115271e-01	1.736079271347434672e+00
-3.199620429733129878e+00	-2.064344567421795007e-01
1.331277316860145277e+00	2.028080628597128676e+00
-3.254962286514206937e+00	-1.143877299486776078e+00
1.928255987715421282e+00	3.675584784343020495e+00
7.879605789537129645e-01	1.718894330169094431e+00
-2.598632046016539299e+00	-6.933085207974654107e-01
9.545106598906838435e-01	5.798655557081493495e-01
-3.353002925118624855e+00	-1.319504522714942452e+00
6.773382462669594872e-01	2.646327696834771537e+00
1.898056679708110206e+00	3.679000942368772176e+00
3.830112159272280326e-01	4.824208448318667575e-01
9.548497805285531825e-01	9.678531937299122978e-01
1.058237028153746762e+00	8.509208738963437435e-01
1.965514195812088749e+00	3.783694999659021896e+00
1.872638171387664974e+00	3.650521671365163368e+00
2.849166833521583064e-01	2.504235634341758221e+00
5.650557983436955700e-01	2.909679265403800064e-01
-3.745024352685796920e+00	4.046948409874235875e-01
6.401882907099756270e-01	1.937470901336535878e+00
-2.915215721227304435e+00	-6.611849958503778213e-01
1.471579422925427094e+00	3.588083619060525198e+00
4.658128473738335495e-01	7.951882595754468097e-01
-3.798665205492902430e+00	2.111904876486325744e-01
-4.016491270191021812e+00	-1.178985894801622747e+00
-3.351774288852531480e+00	4.156009227265056172e-01
-1.780110260640032527e+00	-3.916102573372447493e-01
-2.119127130663966074e+00	-7.487517939257564148e-01
-1.079106115180966663e+00	-5.138568717544826914e-01
-3.123784079456853657e+00	-1.226231881515573302e-01
7.266967157405382904e-01	5.674039866442420754e-01
-3.790171796303749119e+00	-1.424336853768651615e-02
1.102058039642918041e+00	1.102066712589166997e+00
5.057637661071471280e-01	3.107502338417683863e+00
-1.231595216821741667e+00	1.719230888705918447e+00
1.293667653550771401e+00	3.519184964079268507e+00
4.654743926525477526e-01	1.347591526016030716e+00
1.205799566506964737e+00	6.907302417098380998e-01
-1.810580160216914702e+00	-5.178705640118740350e-01
3.097725403090375029e-01	-1.205317240589520278e+00
1.109172667438828919e+00	1.548303830874401710e+00
-2.925630238450348308e+00	-3.935677010713093948e-01
9.700753030275149902e-01	7.092019144596678482e-01
-3.847873306326241138e+00	-9.991855922734156348e-01
-3.783878264436097538e+00	1.514303071380271315e-01
9.671949914503937817e-01	3.571412396824553692e+00
-2.962008643054292012e+00	3.371865759563343889e-01
1.742081130000760147e+00	3.627573847643606353e+00
1.071221457096354301e+00	2.519031009267640453e+00
1.938214729122757829e+00	3.528918723708110328e+00
-1.973499616002669210e+00	-1.113286462136215071e+00
6.647411167703319856e-01	1.354063256638848189e+00
1.504935379758206793e+00	3.272060165791312869e+00
-1.147469163166513706e+00	-7.451321146526418415e-01
-4.286398648773434239e+00	-8.347007780925275178e-01
-4.043833782625561035e+00	2.193890740310515952e-01
9.341404268341244599e-01	5.484182298663449195e-01
1.016673592561756267e+00	1.090336908120858039e+00
7.005981249539394717e-01	9.635228209345574335e-01
1.071136931317642205e+00	2.906458390103610956e+00
7.021027255806028267e-01	1.703398233907941872e+00
1.513631767754999302e+00	6.651400140708899622e-01
9.227577278277787620e-01	1.409078110750585422e+00
-1.296984464719845409e+00	-4.711402093872317787e-01
1.407886341050586632e+00	1.611310483829321072e+00
-2.581776925764372455e-01	1.267839188520129001e+00
-1.379587792686140402e+00	-5.766126240665233604e-01
1.275753523764074249e+00	3.412333622573360259e+00
1.084263452372019376e+00	1.319928691393747133e+00
-1.698914316026882698e+00	-1.609843977966311790e-01
-3.043436937548967602e+00	-4.138046048735622984e-01
7.549364005097117802e-01	6.419260923816102471e-01
1.074978631625887582e+00	1.319805867617555473e+00
-3.965087991589547389e+00	-1.201428035885311330e+00
-1.731077533413279079e+00	-1.064812780244232204e+00
2.260721761136400332e+00	1.158947533952601416e+00
7.688523996112691661e-01	5.512200669918724261e-01
-3.503718734513455058e+00	1.155194126729033099e+00
-2.043455882703798743e+00	-4.346636124560793735e-01
-3.538850187558356009e+00	-9.489642777957776332e-01
-3.254446075779952707e+00	-1.048157042648665715e+00
-3.461804757005302768e+00	-5.693160463249087311e-01
-2.932789648837414109e+00	-1.515667747976978119e-01
-3.707748764978393119e+00	-1.093533801456862742e+00
-3.695042227370356258e+00	-6.706270180971157790e-01
-1.343298516602576376e+00	-7.985101507746070748e-01
-2.260406338360573919e+00	-4.899698400278977850e-01
-4.067973148093681601e+00	3.434166885812097170e-01
-3.722555030001779119e+00	-3.285635528070230960e-01
-2.777448685854804644e+00	-3.411135952207698385e-01
-4.166898828814394662e+00	-6.989088700936288978e-01
-4.014470036210560089e+00	-1.130817202045069969e+00
-2.782810098883644834e+00	-3.252694097929157424e-01
-2.541074859820043219e+00	-1.081675134333679900e+00
-3.243934389957548792e+00	-1.361641136110940842e+00
-2.631256389208583846e-01	4.497125676861550569e-02
-1.908190435728234879e+00	1.428749340735603612e-02
-1.768676398559793306e+00	-1.480861199080661383e-01
-2.577409980685937629e+00	-5.072970105546029673e-01
-3.543890803366764430e+00	-9.348603457040003395e-01
-3.312018263028970289e+00	-1.459296438474176005e+00
-3.140114363952753340e+00	-1.374630897201719604e+00
-4.029212475047246222e+00	-6.026013547669375470e-01
-4.179247953778017610e+00	3.104607692475451763e-01
-3.523742675633039667e+00	-8.425038689749572152e-01
-2.360780454267084938e+00	-8.354262559307079616e-01
-2.517502675675346246e+00	-8.918157133923575453e-01
-3.068441092644720314e+00	1.134562024703408417e-01
-1.715617050145399780e+00	-7.341139327243924040e-01
-1.967957712728772401e+00	-5.144096817147971734e-01
-4.282686792769050399e+00	-1.219546200005209746e+00
-3.086338155718810317e+00	-7.684859773307349817e-01
-2.515057675962451000e+00	-4.918758911066423850e-02
-3.854673703033692611e+00	-7.678169953960620742e-01
-1.534502486617201455e+00	-3.950408196101147240e-01
-3.621045605342958495e+00	-1.389727249473707849e+00
-1.799069797393522352e+00	-8.630031240042956853e-01
-2.596687501444806312e+00	8.707646171995566675e-01
-2.868323099769194418e+00	-1.040626367910556294e+00
-2.062423368368929477e+00	-4.369018946189360819e-01
-1.193029516555939917e+00	-7.578355477340812385e-01
-2.511821842073175937e+00	5.071395338042926637e-01
-3.063539039184717261e+00	-8.349880124764864631e-01
-2.559877022451162443e+00	-3.390105911795557314e-01
-2.855203727515691625e+00	-2.431609508264332309e+00
-3.960715240736827347e+00	-5.210604950147516012e-01
-1.854475895405281349e+00	-3.832518514032349777e-01
-2.994242377734007921e+00	-9.455670428989173537e-01
-1.641808858959647788e+00	3.950177660127341395e-01
-2.488331467092118832e+00	-6.551331886522464565e-01
-4.341003900692609996e+00	-1.132841825429082627e+00
-2.465042356029851778e+00	-1.484945028193075167e+00
-2.501258487025475929e+00	3.816473567171506098e-01
-2.262626455406274939e+00	-7.138348722865264229e-01
-2.326920569816682161e+00	-5.598072053979603613e-01
-4.876319483637844066e+00	-1.798393507443091011e+00
-4.110791429658374518e+00	-2.368004013656181683e-01
-4.194078141336800236e+00	-8.834692337801698381e-01
-2.305944617725110835e+00	-8.560259864325248103e-02
-1.592552637313829456e+00	-2.322285798327165252e-01
-1.801682453722589727e+00	-8.169063826418001550e-01
-4.138332486108060593e+00	5.395813777946841805e-01
-2.253064462387418310e+00	1.941367584804286062e-01
-4.019450120225603662e+00	6.745760319417920536e-01
-4.498403225882956491e+00	-1.927103514610398888e-02
-4.170216764388913866e+00	-1.211285121944701171e+00
-2.428228633094875022e+00	-7.295873278529786399e-01
-2.285590401216021306e+00	-3.839811160857293793e-01
-3.434293778179681844e+00	-1.276452211652642665e+00
-3.847837915423260480e+00	-7.756458180655579904e-01
-4.094818034689233777e+00	-4.838934563284008616e-01
-3.181728458246526170e+00	-1.195660685556260372e+00
-4.069153810111864722e+00	-1.595072075873718243e+00
-2.600278986816483062e+00	2.276219261633334323e-01
-2.403446290171825872e+00	-5.533412923162523978e-01
-3.170570667052741598e+00	5.524090209984312827e-02
-3.098688538003123494e+00	-4.548156216549461561e-01
-2.663433398593674006e+00	-1.544717325130903207e+00
-1.966821588349488614e+00	-4.322288119815202445e-01
-4.239748850981486683e+00	-6.111463675635571136e-01
-4.202080995808270991e+00	-9.620574320022291515e-01
-1.853284857681024356e+00	-8.054215093851267993e-01
-3.490743726726165619e+00	-1.339099843846591975e+00
-1.737169403651787958e+00	-1.072097637299720851e+00
-2.205440280331123493e+00	-8.970963140854781859e-01
-1.595857914747435879e+00	-9.176975836234246842e-02
-2.414938965917245550e+00	3.580096348331102685e-01
-4.142325519618518470e+00	-1.279285997142436404e+00
-4.276287215771246153e+00	-1.585098956462383635e+00
-4.255765380768254502e+00	-1.699850083751237584e+00
-2.088923470852890762e+00	-8.090881612266092038e-01
-3.782804566037803351e+00	-6.428005244284159536e-01
-1.664173254632054233e+00	-2.975212762297893554e-01
-1.696154421784477506e+00	-5.166172743476405982e-01
-4.519421619502462129e+00	-1.924356368154801766e-02
-3.845726311044724621e+00	-2.037907448576033786e+00
-3.997194942023381881e+00	-2.576883702950431010e-01
-3.974602867035172959e+00	-4.866792398067527198e-02
-2.969877986993898045e+00	-5.533694686471938295e-01
-2.954623704753557512e+00	6.180097815455496413e-01
-6.673718861868910279e-01	1.144747057959489590e-02
-3.007833558331594936e+00	-3.784279657829891369e-02
-2.671702350922796843e+00	-4.936478253186520893e-01
-3.270388700289618811e+00	-7.476221036494669070e-01
-2.156068398370410311e+00	-1.211924979171327132e+00
-3.188345362938797223e+00	-7.041299522981430137e-01
-2.094271763509286011e+00	-5.187794089614634618e-01
-1.455045673252022942e+00	-9.706804632716540260e-01
-4.035524085010641748e+00	3.309799129798276507e-01
-3.199979936312361772e+00	-2.012193055154706478e+00
-2.525999419333721185e+00	-4.759490996100388949e-01
-2.764981195955419135e+00	-1.663202550478266595e+00
-2.173222492756325952e+00	-7.114466948196573881e-01
-1.944540503686769783e+00	-5.024319800797231172e-01
-2.650307155169206119e+00	5.782773960725438034e-01
-3.572777043171203815e+00	9.357004899454202107e-02
-3.962849198356164226e+00	6.892318220901678671e-01
-4.148177016416247476e+00	3.572174722081186693e-02
-4.039067525286054838e+00	-1.028962407506155863e+00
-3.997986384795421344e+00	-1.225121445311070367e+00
-2.483646904837277791e+00	-5.795837029446223587e-01
-2.553668469488580506e+00	-4.997539426624921233e-01
-4.042240763037121987e+00	1.113758409911760339e+00
-2.740857513732337658e+00	-4.105518427770457612e-01
-2.429964165062480141e+00	-3.613711064820377405e-01
-3.265318601357813488e+00	-1.222483202504205835e+00
-3.501242414383131329e+00	5.275971716666626454e-01
-3.330132704587250192e+00	-2.293195073002014084e+00
-2.521789723212928269e+00	-2.645389943081025153e-01
-4.043699192127503395e+00	-1.210228034869361036e+00
-2.922635079773319156e+00	-9.891662520175287243e-02
-3.492843976542898243e+00	5.097296432332080185e-01
-2.697858019492144876e+00	-7.594314965189975508e-01
-3.660113078049494373e+00	6.246823672167725050e-01
-3.822187908029972547e+00	-1.531643939540519250e+00
-4.058981000105500669e+00	-9.317655374296568427e-01
-4.530686115980217643e+00	-1.704701109111642410e+00
-3.180310646931126861e+00	-1.094993220600656514e+00
-2.622008336509060733e+00	-3.060462775525498169e-01
-2.051520688594094644e+00	-7.480017993116493125e-02
-2.286578994818243782e+00	-1.339216174224741929e+00
-4.025614686484699334e+00	-1.254578268207247049e+00
-2.257352609254686282e+00	-4.112550119848254471e-01
-3.655593281704765829e+00	-2.314947548142613165e+00
-2.499536046720751692e+00	-1.040337055366462149e+00
-2.942530036713220998e+00	5.473112525727298339e-01
-3.684974117633468271e+00	-1.246095318852085798e+00
-3.334831354716046192e+00	4.954706581998029047e-01
-1.215305404045537552e+00	-9.677111075118944861e-01
-2.255818482247793355e+00	-1.147476868735259226e+00
-2.325463283460150965e+00	-4.265760551462692840e-01
-3.211139811926604359e+00	-6.453574247357954929e-01
-3.005892997303792225e+00	1.714683230125832181e-01
-3.385428226259585394e+00	-3.567010587491805662e-01
-3.771622463609805909e+00	-4.645752004827553572e-01
-1.301546864387769453e+00	-3.046273805460166240e-01
-4.309728504307843266e+00	-3.386991846423020869e-02
