-1.427886234548404187e-01	-4.023622219637227104e+00
5.039510327441447668e-01	-2.408843852247371409e+00
1.015930925887414960e+00	-2.943201808565460542e+00
1.427283277817453344e+00	-3.440258002391942682e-01
1.058905895170918932e+00	-2.056806923391855335e+00
2.021040469164050002e+00	-3.913089867897153074e+00
1.054870397722997399e+00	-2.556249365429947851e+00
1.743006603571851887e+00	1.810832422153973303e-03
4.367430481884211346e-01	-1.373615768135167281e+00
2.185372267332495344e+00	-2.105094820405648104e+00
1.979648267441494192e-01	-1.862548262269269062e+00
6.155368249066895947e-01	-3.976610633695184749e+00
5.753640650249519650e-01	1.415927370861246981e+00
2.284592457315084868e+00	1.024165659856639765e+00
1.425629575326923915e+00	-2.379655425582502204e+00
1.406080010825324911e-01	2.484731204136937155e+00
1.720941320015894949e+00	-7.094365990288499235e-01
2.533779801385369068e-02	-1.620615236129401726e+00
7.099045602839971769e-01	-2.287757145068998188e-01
1.451783242931661055e+00	-1.793186742176545279e+00
-1.414420059829190723e+00	-1.134579351173643280e+00
-3.696083791612143066e-01	8.069892764561589216e-01
1.597259939715563570e+00	-4.182089921849388436e-01
-1.609171512676602633e+00	-1.040969841101962112e+00
7.159974638485727683e-01	-7.426847318256745156e-01
-1.662587579164417906e-01	7.089914947355354657e-01
8.084404395034097135e-01	2.092960710776722966e+00
1.010188339107966016e+00	-1.131706044096147945e+00
-1.701336542947494979e-01	-1.410262278457016460e+00
3.857962116581403200e-01	4.931464255791430107e-01
1.757567724739942605e+00	-2.705594105142449024e+00
9.953689541397296725e-02	-1.487413560883787511e+00
7.859440801759581818e-01	1.233542283635542081e+00
1.664233231757143772e+00	-1.771526758613992447e+00
2.983875763892311905e-01	7.573222292946473200e-01
-2.748534803572204144e+00	-2.224596512298444573e+00
-2.182322520927315157e+00	-2.583388565221480082e+00
1.040026813088485713e-01	4.939130049975321013e-01
2.000538308029163215e+00	-2.686268130565788947e+00
1.565584714825726254e-01	-2.167005366346495432e+00
1.416546433072007449e+00	-2.744300441012520686e+00
-1.377563797452713290e-01	1.609802481463170842e+00
6.869182912395086493e-01	1.526654514542240548e+00
7.939307188818491845e-01	2.313965766798135260e+00
8.617420821247814278e-01	1.824761387338425189e+00
8.712173578073737490e-01	1.217325787836389450e+00
6.239383603360542097e-01	1.290282690886890515e+00
8.337651095434408521e-01	1.952980767331141454e+00
4.899550657937471465e-01	1.595263023710003614e+00
6.256108064376729727e-01	5.705862992099031139e-01
5.650692925272386979e-01	-8.198184513786564986e-01
1.762224428980463609e+00	-3.156649146310739784e+00
1.524618872584887264e+00	3.373360511158769448e-01
4.020259258488764198e-01	8.073105557274132815e-01
1.104602752123840625e+00	1.822225238885053056e+00
3.304016434084204867e-01	-4.114463901278592850e+00
3.170169141712110950e+00	5.935410749480737325e-01
5.191533024288688125e-01	4.286815667536820751e-01
2.081093004054697104e+00	-3.585661287640503625e-01
7.805832120414973874e-01	1.847171690441762992e+00
6.455292243621140180e-01	1.822961124177248537e+00
7.985820539870112089e-01	1.798218691288317794e+00
7.530877042210422090e-01	1.950547745074335371e+00
7.010022750107753886e-01	1.858613509541819697e+00
6.905114959607931979e-01	1.871343058131594628e+00
8.659643869908119351e-02	1.947741334388765511e+00
-2.123225117099821979e+00	-2.340367374085754903e+00
-3.236857619940391562e+00	-2.928060865368950161e+00
-9.450883851267277702e-01	2.153937040629110289e+00
2.228875192558780471e-01	2.472031813479718537e-02
-2.647772013306464167e+00	-3.275810690931455049e+00
5.501433862359539351e-01	1.803915359253627226e+00
1.014250587458111141e+00	1.994205720277218985e+00
-1.793175477393239126e+00	-2.125487545423494939e+00
2.543768154502910050e-01	-1.829489937885810047e+00
5.089948116951641399e-01	-1.698616531391748508e+00
-2.591994732495923603e-01	1.834724455083701355e-01
9.979508335908465755e-02	-1.972223787972356313e+00
2.124971914225133318e+00	-2.341050692797204125e+00
1.696155949753552994e+00	5.048771230422450795e-01
1.221966278775088455e+00	-2.663267814731886118e-01
2.620426675485960644e-01	-1.923787125401283937e+00
1.720631668923554569e+00	2.537758387910601932e-02
-3.880602073214266534e-01	7.551354066530631126e-01
2.230738835010260601e+00	-4.055929013866918176e+00
1.714038131415926092e+00	-2.360347220026527637e+00
7.766852976327400793e-01	-2.128968581296233786e+00
-1.277641656156967009e+00	-2.113865524104791671e+00
1.842084185469151869e+00	-1.515124604378731421e+00
2.279781062456286644e+00	-2.785227005599465677e+00
1.756387727226699447e+00	-2.363328550141997386e+00
-1.404995756617140268e+00	7.872438369451832951e-01
-2.861214561838987813e-01	-3.484362454918823904e+00
7.637676636947525743e-01	-4.643163005656374964e-01
4.646421856537510942e-01	9.580508691323391668e-01
1.107291066682462688e+00	2.185265461962840217e+00
1.075985089245566018e+00	-4.402819273877304762e-01
8.388919974843374039e-01	8.413784151603559414e-02
5.828134748953129884e-01	1.666316371066080659e+00
1.103039829056003507e+00	-5.611371952468601210e-01
7.754156914121644872e-01	-2.467780749049112432e-01
-4.782982551917838721e-01	-1.871926591161617859e+00
5.731032374719638445e-02	-3.541657870648998063e+00
-7.028378033148428017e-01	-1.001314452855738835e-01
1.214290855873256803e+00	-2.315712344998040739e-01
-3.976412468121304222e+00	-4.820066702811289794e-01
-3.051484190973219324e+00	-5.924039581765883078e-01
6.751425693717113541e-01	-2.715373121261728251e-01
-7.902605474808430674e-01	2.632926675590531174e-01
4.844280193757914410e-01	7.548798946302600621e-01
-1.721004639885076681e+00	-2.424910024839768696e-01
1.104104015967708463e+00	9.336184741063229264e-01
5.523453497377490695e-01	-2.181325658197856843e-01
7.718547429437645491e-01	-2.392638287375870920e+00
-3.150300773407764821e-01	2.748791446770894265e+00
5.781747494596036763e-01	-1.540315197828965976e+00
2.380238967783119719e+00	-1.676706668040354176e+00
3.845338627382220764e+00	2.422378236017414199e+00
1.021555562875677836e+00	-5.988941160473826297e-01
3.748126612340467734e-01	-6.221374379672227617e-01
-6.128830703539287494e-01	-5.421217369095705507e-01
4.703830335749856761e-01	1.794828455396885847e+00
6.822708337992519079e-01	1.241213039025363507e+00
6.841632879476197138e-01	-3.639741340436611350e-01
1.409594170536091040e+00	1.517811128658487885e+00
2.557725501907925469e+00	-2.044932571155325896e+00
2.501473251823095101e+00	-4.127653872517649702e+00
-2.414342671647349725e+00	-2.507553503119008376e+00
1.763193242386166038e+00	-3.250523528341379365e+00
4.800623702349606781e-01	5.857553197458433836e-01
1.234852490111793211e+00	-1.733325051021363805e+00
9.078861219346242573e-01	1.646774261204426493e+00
-2.132037061471228512e+00	-1.864814868843823747e+00
-1.465546297101847917e-01	-1.887803617807613854e+00
-1.423965621843554796e+00	1.536867464650594872e+00
1.590045047584407178e-01	-1.323536901682400790e+00
2.593560765436385473e+00	-2.883306474945075859e+00
4.786641690830980012e-01	6.625706129628030627e-01
-1.299409653769663109e+00	-1.099621647903013200e+00
3.538742463483710021e-01	9.091733629731894029e-01
1.759141798709136451e+00	-1.420637816634999551e+00
2.005166875503872070e+00	-2.448389544891848679e+00
9.175298442937155352e-01	-2.156869395546291979e-01
-2.841019568080813684e+00	-1.496877970646020461e+00
2.560560007696882412e+00	1.018611893967185100e+00
6.621636131933614777e-01	2.418263679530493260e+00
3.897898877134555740e-01	8.329188571078505188e-01
-2.018030103404466480e-01	-2.643099232427682299e+00
1.726854947286879660e-01	1.955090966102300820e+00
6.215303046513886986e-01	-1.192261686262492404e+00
1.554175435981900444e+00	-5.592893408269100641e-01
1.084534114420536710e+00	-4.187936268266495010e-01
1.186655013387857283e+00	-1.423765849817986817e+00
9.434111166059698794e-01	-5.120575263733428972e-01
7.763696403530006007e-01	2.693156443575724368e-01
1.175444657174976149e+00	-1.005036253671032775e-01
1.325708865140347692e+00	-1.805531776634127672e+00
-1.254332840368784341e+00	3.096723275331012992e+00
1.071143575923761554e-01	9.115241837827686711e-01
-2.613253280109510968e-01	-2.769576761833639100e+00
1.310710586845092784e+00	3.349490026475384075e-01
-8.768737245381295065e-01	-5.880577320136871899e-02
1.512615514643435466e+00	-2.925187696650780378e+00
2.100703168122312892e-01	-1.690624893358594338e+00
-1.260910632707257006e+00	-1.284504917777586019e+00
5.153090884631912338e-01	7.866217982201474390e-01
7.930869696424850401e-01	-1.141505649134956224e+00
6.997787950012889224e-01	1.008018122142172235e+00
1.629313280290513477e+00	-3.409920750682273294e+00
-4.409027212212885516e+00	-1.298720464886520265e+00
4.024370402645774392e-01	1.037721150826619532e+00
2.252097163757477816e+00	-2.613163959134731318e+00
-1.300409217433156073e+00	-1.377086347719128634e+00
5.409870585745933935e-01	-1.068990503554385851e+00
-1.877131637723944424e+00	-1.828722160532633145e+00
9.393771220119095933e-02	1.596555690271261652e+00
-3.516705863144228839e-01	2.277249731762770235e+00
-4.270510797851091667e+00	-6.971458093806663925e-01
1.797855313742666994e-01	-1.071460711906972563e+00
-4.232582673795777239e+00	-7.883638974863936832e-01
1.767803407707478902e+00	4.875890510148375018e-02
5.221205919718220345e-01	7.517985525540566982e-01
2.341007825954888766e+00	-2.671826555056215913e+00
-1.919903104650711567e+00	-1.624923108609068523e+00
-6.064144215072976296e-01	-1.637497697779262573e+00
6.162160488517398615e-01	-1.568927045757022576e+00
1.865132840061559216e+00	-1.623356623801491372e+00
1.371347226764703553e+00	-1.582394341140280325e+00
-1.407194981642041931e+00	-4.893237677145590436e-01
-2.311685660640553586e+00	-2.124729703186793994e+00
-2.059367980174606205e-01	-4.929525169106641624e-01
-2.647809219449849927e+00	-4.442274891469177867e-01
1.684887176716900914e+00	-3.928898161551177548e+00
4.421439695362697209e-01	9.200878462635417865e-01
-1.939362648325679395e+00	-1.103636667652348136e+00
1.403787496597418860e+00	-9.571766708120890144e-01
4.325200307105641628e-01	1.424174591264843137e+00
9.300243753958588044e-01	-1.815006052582952112e+00
7.006389290890432386e-01	1.386269681194674197e+00
1.227323199237877693e+00	-3.459612391587355784e+00
2.665533225919360927e+00	-1.824511918852562475e+00
-6.802689613264695234e-01	-1.918620626834219189e+00
1.092141221121115634e-02	-1.763971542131464565e+00
-3.370047685741218491e+00	-2.569410801127462562e+00
-2.052055438856204839e-01	-2.195503268058530466e+00
5.908836103041900101e-01	1.382459991888457695e+00
2.380162968862222783e+00	-3.159473919370690886e+00
8.595495808815235561e-01	-4.676418977183024461e-01
6.134991682335154684e-01	2.354993801346274562e-01
6.068498286062385949e-01	-2.008276702670760694e-01
5.896095832828058825e-01	1.590423329245988837e+00
1.631474347154170834e+00	-8.259270125577085064e-01
-4.243706771399474720e-01	-1.193960210000993172e+00
-3.304380343135753795e-01	1.176782408016844750e+00
1.218286724541893351e+00	-6.899203590586937551e-01
2.028495561209801679e+00	-3.966995168160582175e+00
-2.049734641054094197e+00	-2.433272708976645493e+00
7.669634684423004556e-01	2.937597511178182130e-01
2.019234316595525103e-02	-1.763521286911742036e+00
4.672403530660507176e-02	1.334971273599484753e+00
-1.218171638004001078e+00	1.332921682436192246e+00
-1.744777618162236810e-01	6.401060550424703122e-01
8.691981785517629566e-01	-1.164340228368566099e-01
7.684931664582274058e-01	-2.022541510092539685e+00
-2.579442650816825999e+00	-3.271261759300607252e+00
3.341506041828485429e+00	4.180054056956640229e-01
2.853894921235158866e-02	-1.287501969280771874e+00
9.233281649168313399e-01	7.508568841850352671e-01
-5.163802203869362062e-01	3.130551073777082749e+00
-9.341305946440594532e-01	2.014047817708926047e-01
1.911930710728558802e+00	-4.171078825369163745e+00
-4.095559440214874058e+00	-1.023767433392964499e+00
-4.233658170887393268e+00	-5.156438521186652579e-01
8.247618114227059927e-01	-1.143804586991279626e+00
-1.721185189468821264e+00	3.503598427903999113e+00
1.740608610508321608e+00	-2.294158012099731803e+00
2.551013771686441167e+00	-2.361337630525617293e+00
-7.024436811757603927e-01	1.193157257230711421e+00
1.259381809932197394e+00	-2.077257083150273687e+00
1.260130317259233967e+00	3.551721714235928085e-01
-1.901730449578258986e+00	8.646368986207294549e-01
-7.899374022458931499e-01	-5.751598237893413845e-01
-5.474101190801402561e-01	1.519912874991142360e+00
8.282335629221295736e-01	1.347863088153570255e+00
2.000348558508703078e+00	-4.158293911937505527e+00
-3.205963357094847588e-01	-9.984843813359148279e-02
3.956813931517618732e-01	-5.800680119753326425e-01
1.825151201811370472e+00	-1.990964105266965323e+00
-4.050138021390635501e+00	-1.129698092132106702e+00
-1.300668483847000623e+00	2.074551841988509226e-01
-3.938282620318171556e+00	-6.417292095343550828e-01
-6.820160826562400302e-01	1.284194385748308243e+00
2.163050322908273149e+00	-4.187453977930025495e+00
2.896890754435756499e+00	-1.254924193577359182e+00
-4.874389049965948573e+00	-6.287429101146776445e-01
-6.473025310138528221e-01	-1.857795425099354025e+00
-1.428668559543656125e+00	-9.144617231557067294e-01
-1.088569834744477438e+00	-1.570780552027995602e+00
-3.500949445643786739e-01	-1.753390442573627972e-01
2.491835724288022025e+00	-3.579385916869141759e+00
7.574357039768284672e-01	-2.290665877083728041e+00
-3.244487078065290131e-01	-2.496811015242325738e+00
4.189927289557809909e-01	-1.461754320030415721e+00
1.000508916796597925e+00	-2.198755721021588450e+00
-1.188485003750960445e+00	-8.896814045802917681e-01
-1.143576911385416617e+00	-1.471318062392939385e+00
-1.636431657377797277e+00	1.866277340212895819e+00
5.799225358434340755e-02	-8.029834049834533305e-01
-2.251763464058100350e+00	-2.606130970036408367e+00
2.177318721063022267e+00	-2.431276829050497579e+00
-1.050760548946022555e+00	1.792470001118029233e+00
-1.809162759161998812e-01	-2.914710035781581166e+00
-8.069463189610727102e-03	-1.832051721520645327e+00
7.803832242210541059e-01	-1.815902964141240250e-01
-2.365744276119570444e-01	-1.721949262577834983e+00
7.984453573886395317e-01	-2.842368466570006635e+00
4.430588801426800782e-01	1.640904906879363301e+00
-2.746348789758137787e+00	-1.984903154044766138e+00
1.287062907299524550e+00	-2.367384817027613941e+00
-4.996056944995571625e-01	2.717068557879863455e+00
1.042188397549623335e+00	-2.187809137141408566e+00
6.916065140398204580e-02	2.694858978638042579e+00
1.826297531681388975e-01	-2.857985869038172311e+00
-2.038072757317287209e+00	1.377508530909227424e+00
1.454446518296077517e+00	-7.793968155780883755e-01
9.607979799981598568e-01	-1.986623361641336460e+00
-1.973397855556362490e+00	-1.380916901546335396e+00
4.447693833819327258e-01	1.362768952613438167e-01
8.171466935864719616e-01	1.913323875539407082e+00
-2.724175047725483911e-01	-3.701598784534398945e+00
1.473794860220073888e+00	-1.596280204775419320e-01
4.535624841850021127e-01	-2.496644146317545498e+00
3.301964125884637724e-01	-6.172772903859520266e-01
4.947872145194303628e-01	4.939616169374170807e-01
1.966567547754504375e+00	-3.814505624128109673e+00
8.577678500333901779e-01	-1.462901959051681189e+00
1.219266053900491253e-01	1.887027499367308403e+00
-1.423183711486147196e+00	8.420324030993784348e-01
1.736328378721996968e+00	-2.117420843167788114e+00
-3.077716213736059636e+00	-1.623923547888054708e+00
2.258163425849629480e+00	-1.862548830293381474e+00
6.297444916056005315e-01	1.805405864860730292e+00
7.930455268033539395e-01	-2.119798717732516991e-01
-4.125798283996378935e+00	-7.586449722811854368e-01
-1.315554079258834941e+00	-6.422423142136880481e-01
-4.366342040877627895e+00	-7.226822744509282526e-01
1.842767319656745562e+00	-1.245581435413800175e+00
-2.190634802246530732e+00	-1.609779420273796502e+00
5.596706804355885412e-01	-3.730842977039368513e+00
1.362067479136522596e+00	-4.100102576459020987e-01
-2.334553897607484885e+00	1.313533716588876299e+00
5.778247281380582967e-01	1.002219945075294660e+00
2.132418271379733277e+00	-3.975604127543892918e+00
9.590823428396306749e-01	8.094885595077888629e-01
-2.114777878500520458e+00	-1.826330698974118594e+00
5.534466262565744810e-01	1.154475052877344421e+00
2.283076415384185154e+00	-1.055727442673866756e+00
6.056547546153365769e-01	1.066120983595773009e+00
2.503702749188366217e-01	1.800237498867922836e+00
3.085602030132438278e-01	2.097137016289938316e+00
2.002057647954464503e+00	-2.291248057973964247e+00
1.094607251683420657e+00	-3.746901013140577219e-01
6.411083470793965677e-01	-5.127674738630187967e-01
7.545454127858014504e-01	7.676866869888264722e-01
-1.045241776920251775e+00	2.643425512839886249e+00
3.054428059182511923e+00	-2.549150329026613981e+00
5.347163941504831097e-01	-3.863465165347825803e-01
1.913144625497719797e+00	-1.876253535014261065e+00
-3.485367512149523117e-01	-1.546463949499292223e+00
-1.942663714996481772e-01	-3.458505815088067648e-01
4.539339633943584307e-02	-3.723394420403909777e+00
2.095390742617001811e-01	-3.281694117014863354e-01
7.544461036744386506e-01	4.702212599994975983e-01
9.137123145512789091e-02	-1.396006972626217868e+00
-1.147031764998766246e+00	-8.664644894853573698e-02
-2.480761357830911784e+00	-6.764762341967608394e-01
1.183112860053935345e+00	-5.822358966186204077e-01
-6.667684274928253885e-02	-2.446163570437569934e+00
-1.442560926271639676e+00	-1.621631090595708313e+00
8.319072523268553621e-01	5.093745772571077746e-01
1.593924165121704872e+00	-2.107907046412404561e+00
-1.510383146287350487e+00	2.316728872109768744e+00
5.639600620039065815e-01	-3.090056952808111657e+00
6.565830142218628263e-01	7.372152148954155271e-01
-3.339625581671991639e-01	-1.903597389805354867e+00
-1.184131551995647014e+00	2.512370422723992469e+00
1.012459318181274437e+00	4.382557589906552753e-01
1.245396774655413319e+00	-2.381249679737337477e+00
2.249518386639457912e+00	-4.798406866801990245e-01
1.679532918697343780e+00	-1.263359284271793337e+00
-1.594280800731639580e+00	-3.065498688268322613e+00
-1.158026552171501217e-01	-2.383695603712196132e+00
1.191954334902023627e+00	3.113398789703554770e-01
-3.851632668871772580e+00	-7.195390984832912284e-01
1.355208729637604748e-01	-3.535730931872156368e+00
-3.987946872256683317e+00	-1.037408087842800475e+00
-4.688638257817661081e-01	8.175193470872206269e-01
-3.626345088748033074e-01	-1.945202825926231283e+00
1.036839422155287765e-01	2.067991590636918620e+00
-1.439374095915747220e-01	-2.164284814432824611e+00
4.886400691699631649e-01	4.545675070187690792e-01
8.087586096776057387e-02	-3.793316099722805035e+00
7.823910287583919487e-01	-1.329720934710647562e+00
5.409036003125273773e-01	-1.184153823438608644e+00
6.790887631615130093e-01	1.314080672878476852e+00
6.164770670780798101e-01	1.853798240141156128e+00
5.235750882015626217e-01	-2.306761671064963201e-03
5.920612693820266337e-01	-2.329196002171055047e-02
2.468870028918900839e-01	3.910232965747680034e-02
5.866938904264713539e-01	-1.914171183011080801e+00
3.531571155391540207e-01	3.107778575060589077e-01
8.813269784691803999e-01	-2.667778403872093307e+00
1.875707900561323638e-01	-2.766637676089678255e+00
-4.105336463784615475e+00	-1.891230044159986079e-01
1.421557501736060880e+00	-4.574553005133183969e-01
-1.297551525427693031e+00	-1.574390709953631617e+00
-7.823964360485993752e-02	-2.195873441432850015e+00
2.165773496385925423e+00	1.338071100755955145e+00
6.872280898224510937e-01	1.816017062876717381e+00
1.400057221615963465e+00	-1.705937900282227915e+00
-2.281815832180734138e-01	-1.409133002338246232e+00
2.342792286262901147e+00	-2.037899283157750929e+00
3.708340379946992171e-01	-1.604666133940683803e+00
3.722978658582236366e-02	-3.081611227530729025e+00
2.331235519947841617e+00	-1.755894312138927438e+00
7.273017591017885142e-01	-2.429361873289876961e+00
-2.594247707720244711e-01	-3.288763495343410170e+00
9.108321724817587395e-01	-5.276643418103378336e-01
4.970276378406859319e-01	1.088394607999968594e-02
-6.820789832237179606e-01	2.957376186828167608e+00
1.171998315740874874e+00	4.437018065422710517e-02
5.762308124126099829e-01	-8.118837832201489801e-01
-1.507724281610679284e+00	-2.274987631616171707e-02
-1.438400827099173496e+00	-1.499378444902391472e+00
1.809371238779652113e+00	-2.159661490330752720e+00
-5.614284055546360508e-02	-2.870912996131801176e+00
-2.925567410878064489e+00	-1.051924065853709900e+00
-2.151334920209721169e+00	-1.787632120539236258e+00
2.904324512524528723e-01	-4.656642023177062217e-01
7.481068120642186958e-01	1.902559698743740757e+00
1.838082271921556599e+00	-2.682955614176897541e+00
7.922534656715868318e-01	2.426213265647796824e+00
-3.464060231180103866e-01	-1.529308541063206128e+00
1.085707735419649128e-01	-3.281336518392370838e+00
1.962963114734704639e+00	-2.031039117154995299e+00
2.560633364246319710e-01	-1.302165553706193579e+00
-2.378575683896269499e+00	-2.960900151942173597e+00
1.625958789056997089e+00	-8.498979298186171150e-01
6.345537239594564172e-01	2.044467998872817827e+00
7.122383908722672574e-01	1.651733137420795083e+00
4.109767486271019843e-01	2.051249036811466642e+00
8.425221666130751075e-01	1.614495579272324788e+00
4.662234388917254613e-01	-1.933719442655762455e-02
-1.203176601349863928e+00	-1.254460776309549663e+00
1.222307536909563730e+00	-9.341650106510848151e-01
2.572133780731095776e+00	-2.620759057991702168e+00
-4.106708851517432812e+00	-5.936978235682961458e-01
1.065549636916942378e+00	-2.385569005581934798e-01
3.213941810112947439e-01	-1.311538172003670288e+00
3.155997716793718655e-01	-2.802486858351954435e+00
5.146671148456866129e-01	1.409852261229361137e+00
-3.207052432487888627e+00	-9.982775180461281872e-01
1.325060321614483394e+00	-4.958994073651383783e-01
-2.142837467247602934e+00	-1.397638490693741353e+00
-2.902265285215081536e-01	-2.875635887286738690e+00
-4.000847501887082380e+00	-8.579687489215613860e-01
-1.813788505451472632e+00	-1.954945884369281073e+00
6.612994625862169684e-01	-2.327575110913091105e+00
-1.523100346136056771e-01	-3.799879942465671956e+00
-5.734143927112532457e-02	-3.846503291710398731e+00
-2.716407749985111017e-02	-2.463622767619032761e+00
1.138824899011092601e-01	-3.785016040105833479e+00
9.491870922802539412e-02	-3.530714466342865343e+00
4.995927586984195978e-02	-2.717967334106926369e+00
7.381587025676601410e-01	-1.940727055751802155e+00
-2.063989470213955513e-01	2.103215051493692034e-01
6.522732328606323238e-01	2.038641788876774275e+00
2.687327462517153709e+00	2.455218256434733348e+00
3.348029619492179365e-01	1.013297416300342091e+00
8.965082603110242632e-01	-1.171226582862476606e+00
6.550504269043852523e-02	-3.310421832380717078e+00
1.868844969247753784e+00	-1.982437380159536078e+00
2.250827178948410445e+00	-2.363042098365325305e+00
2.473017069596226136e+00	-4.268170707766626437e-01
1.782818017863269100e-01	-2.995848227273565367e+00
-1.489775146597917613e-02	1.326599502952480192e+00
1.050674587235969765e-01	2.456160062172333125e-01
1.129482145220249922e+00	4.682755604217482270e-01
-1.457474892480567163e+00	1.221068678936374052e+00
-4.089244073796484691e-01	-2.922526202483265223e+00
2.088233325277950581e+00	-2.997793418354995243e+00
1.178261470786263310e+00	6.070169279331139034e-01
-1.823683405954172221e+00	3.253398074608074619e+00
-2.215669665035061797e+00	-1.097338882138713778e+00
1.548929551990940956e+00	-4.261298189543905046e-01
-2.527368468252774725e-01	-1.342638723840786863e+00
3.149338138338139692e-01	-7.196225852297205572e-01
1.010528502194666389e+00	-4.851754344983756906e-01
4.872359071971577582e-01	-3.148079344080246145e+00
1.010208778721460726e-01	2.238631952062304808e+00
1.488077998680547687e+00	-2.187515010561662532e+00
-1.967399869976129922e+00	-3.397004463644322847e+00
1.313390869853149789e+00	-5.065884877170206968e-01
-4.415388535121905073e-02	-3.427212112102599129e+00
1.948123392038795698e+00	-5.818594799188036015e-01
4.315629533666254791e-01	-2.305125325680231541e+00
3.730175334287483269e-01	1.430312293534092172e+00
2.062335839761809453e+00	-6.063518913021113121e-01
2.088783843499547821e+00	-2.030640184049022245e+00
-5.412830953761705866e-01	-3.998834714152504244e+00
-9.461162479893839294e-02	-2.624229399951524044e+00
7.343247164652945136e-01	-1.593512819327624008e+00
9.437694818015146536e-02	-2.067345203101629281e+00
8.140446910166368455e-02	-2.661729541297999102e+00
1.795669258180724037e-01	-3.745390178505651146e+00
-3.856104421040429941e-01	-9.669440325860900742e-01
1.450765758039936237e+00	-1.230597901874802336e+00
4.870301234230248189e-01	-1.535134076096476230e+00
1.480267134260379480e+00	-4.236901083294198678e+00
-4.204297426983947816e-01	-2.878574413409491939e+00
4.897621565112681569e-02	-2.328536728863414229e+00
-3.945521913382938450e+00	-6.256288354221044568e-01
1.091643193883900187e+00	-4.600064575515511178e-01
5.176707108306535243e-01	7.793082217506721587e-01
-1.797576445135304679e+00	3.256238199844575743e+00
2.433744647280216444e+00	-2.225681704810777095e+00
-2.378698853729885321e-01	2.729662944306522121e+00
-8.856799816452774754e-02	9.616613237431791417e-01
-1.094282157846558218e-01	2.116368270282171338e+00
4.196822076910792232e-01	2.399121134437634417e+00
-1.351472744633727130e+00	-1.881547126240962431e+00
1.139637529228064050e+00	-1.412077209945180822e+00
-3.604494774665441881e+00	5.524771715918301851e-01
7.221505841079517429e-01	-3.491934834454879066e+00
4.893952352048160370e-01	2.539045541787390281e-01
5.659310440414463406e-01	-1.007676837747244258e+00
1.399667200719901583e+00	-1.907184458538914829e+00
1.149857951575488313e+00	-6.824886676408602471e-01
1.566213358121755439e+00	-2.172955016036040021e+00
1.572702913870534402e+00	-7.924059910497605053e-01
-1.958540000155117644e+00	-1.651623246647434318e+00
-1.452976219228250709e+00	-1.147845859205032681e+00
-1.261002539382379828e+00	1.189893895704830618e+00
3.107104688937718517e-01	-1.144613965959457413e+00
7.521054908179525267e-01	1.337486166749564775e+00
1.190255448531412075e+00	-2.045248948464306604e+00
-2.914434062453588492e+00	-1.391128421648157643e+00
7.652828016985375736e-01	-3.176273603954978153e+00
1.759992752220270296e+00	-2.175121562974251521e+00
5.518380999418359689e-01	-3.093075327615155135e-01
1.922218831155342311e+00	-2.452225913872156493e+00
2.719477374256241142e-01	-1.776449297856209197e+00
1.110753174447703495e+00	9.055418250843214611e-01
1.821283168140272801e+00	-3.503708251999473333e+00
-3.728349168158864857e-01	-1.318794384839614642e+00
4.389189706118468148e-01	-3.149039526554446300e-01
5.731061961509684860e-02	-1.105609120263464584e+00
1.389567681737843730e+00	-2.086218297473779959e+00
-3.703391067169638617e+00	-9.213478510304915492e-01
9.049724079695106727e-02	-1.415435931071230558e-01
7.882876023732279247e-01	-1.671801555738714029e+00
-3.638871793317423275e+00	4.513316659841235534e-01
-3.096919278112129970e+00	-7.341601848149417187e-01
3.410204592375177812e-01	7.826286436856764173e-01
7.218984234022758351e-01	-3.076611702724222353e-01
4.849775171200500501e-01	1.115082717502962062e+00
6.552111332945498301e-01	-1.297927055440078803e+00
-6.637045955054179935e-02	-1.850317782573463798e+00
1.126728379558655568e+00	-3.250282875876273181e+00
2.410575803439331644e+00	-2.276981129368007117e+00
-1.301640878080732477e+00	-1.073250805821687637e+00
1.815038204352752649e+00	-2.086203928746259706e+00
-3.298275421988505207e-01	-4.612149499231920635e-01
7.539728921984610865e-01	-1.741331391348049484e+00
6.610463442685945434e-01	-1.751400776305088502e+00
2.053943156581760299e+00	-1.793367759518690985e+00
4.089739862584786945e-01	-1.681334924216703053e+00
2.850438028649690203e+00	-2.696416237356589640e+00
-1.225331115868227405e+00	-4.030171241432673468e-01
-4.107584771057473105e+00	-9.295260750514691139e-01
-1.477829007058991451e+00	-9.575951216997055093e-01
-9.141208693553791453e-02	1.479022795683215374e+00
2.750874981968670419e+00	1.901711654295438647e+00
1.117952467311387865e+00	-2.360717438542333291e+00
2.528962618340028445e+00	-2.454708024444016701e+00
-3.906343545104369874e-01	-2.750133999551819919e+00
1.096677122366921164e+00	-7.690843081612774856e-02
1.231300000546350804e+00	-2.142550113691486402e+00
-2.227150008807558201e+00	-1.183546155426860924e+00
1.985181163880151978e+00	-2.071058140431168759e+00
1.374497909923201866e-01	-1.669052017972250779e+00
1.913208046333593648e+00	1.582020840859674982e+00
-2.832540883754938177e-01	-2.096434561632841032e+00
1.656057646471907896e+00	-1.438486283215633099e+00
4.812337625857319723e-01	1.362980781967548127e+00
-4.054892531532183320e+00	-1.035102694185556782e+00
-1.106572955227645094e+00	-8.271576923752447241e-01
-1.805585608349555615e+00	-9.411917125646322990e-01
1.178019528551468298e+00	-2.740526439699803696e+00
1.372216861941713217e+00	-2.740053807565963950e+00
-5.855488964732520341e-01	-2.223777859221736097e+00
-1.400270073682839955e+00	-1.691853086733789757e+00
2.890377832600153907e-01	1.622171617000512933e+00
-2.750865246435327816e-01	-7.872569660509878275e-01
-2.953461052638112871e+00	-2.684537189828419823e+00
6.903041248402458363e-01	9.726276474204610389e-01
-5.757346724243724706e-02	5.427159122833118410e-01
3.492786232547919201e-01	1.176173684113631657e+00
-7.451350633416966573e-01	7.347196716067773414e-02
-4.338570593943375520e-01	-7.058459010586638493e-01
5.545086557714811182e-01	3.449247365826966227e-01
6.899907905247245621e-01	4.204869215278805306e-01
2.423816479436326499e-01	2.966764440971820793e-01
5.382664468886778630e-01	-4.763841479744696655e-03
1.208472943246989839e+00	-1.890913308344582378e+00
-2.876069593917410128e+00	-7.028772125048294850e-01
1.946495228281676371e-01	-1.674501957474858083e+00
-3.429796178496126835e+00	-1.781235561002329382e+00
6.872801880356617099e-01	-2.621276307944062189e+00
1.455328076254829073e+00	3.335218415441603690e-01
-3.988571173256142632e+00	-6.122697723718364404e-01
2.085664086314064913e-01	2.135452000733982225e-01
3.466210794110133886e-01	1.375740376476663140e+00
-5.618004437269048801e-02	1.109547089505880768e+00
-2.955699399531226401e+00	-1.046336184708493544e+00
1.192828284157453123e+00	-1.877205671536601228e+00
-1.313630824636871530e+00	7.468276748148715560e-01
1.117341470631221689e+00	-2.136714442262034996e+00
-8.512105018552893476e-01	-1.538644441726181755e+00
-1.356719021610523157e+00	-7.648670620621718097e-01
9.992450339732673603e-01	-1.580388961725418318e+00
3.170071930725316123e-01	-1.639217479394746046e+00
1.500367181687088269e+00	-2.306061203581537544e+00
1.382971526561136644e+00	-1.342668686406847778e+00
-1.893706887115056858e+00	3.001975445254997599e+00
-1.752739461567781043e-01	1.084338652486747656e-01
-1.705854985541265689e+00	-1.723924828519301844e+00
1.837549037531485130e-01	-1.306631697698309481e-02
-3.950665201757706413e+00	-8.954640578289526642e-01
-1.536113028064709299e-02	-9.633339732360695074e-01
1.179953155372188978e-01	-1.898850050631982755e+00
-3.326316290901233153e+00	-4.274970905523341469e-01
1.329180043405521205e+00	1.492770562143335145e+00
-2.345848481422501408e-01	-4.431983858014664213e-01
-2.699728116757098562e-01	-2.498099056961962550e+00
2.107603201334479426e+00	-1.895331459856472112e+00
-1.528301961924986019e+00	-1.084736911618434219e+00
-3.585549115652232111e+00	-6.167936964483262674e-01
-3.259269869745538895e+00	-5.306862326169402566e-01
-4.156365858257472290e+00	-7.712824537188522900e-01
-7.035017503096925306e-01	-9.229970418134409993e-01
2.074560394094357108e+00	-1.928751405337221891e+00
-1.947050927373258578e+00	-1.453299250259615150e+00
2.642466979704648722e+00	-1.935058534214974202e+00
1.554268856652978315e+00	-7.192293963379423616e-01
4.871544405094556107e-01	-2.168672223873036931e+00
-1.923809114018642630e+00	-1.742372294023663670e+00
3.112356079343899129e+00	1.335277616975788950e+00
-9.895482671945986519e-01	-1.352096811410038180e-01
7.322948198261406416e-01	-4.894150845991353249e-02
7.562144507259045412e-01	-3.000059300342048818e+00
2.905357516202861645e-01	1.192678036312134093e+00
5.189402916539332944e-01	1.228995636246817513e+00
8.123618633826887869e-01	-8.015050197626198969e-01
-4.629723388980814258e-01	-5.017042231479361680e-01
1.500618062327290225e+00	-1.914839914804964405e+00
3.339763740170306749e-01	1.079957089791419245e+00
1.359896646703188994e+00	-1.288307337274352316e+00
-3.197962366318027883e+00	-5.866278387988831389e-01
1.066306274799825093e+00	1.931852920731592649e+00
1.624504046488179698e+00	-2.121344684915698497e+00
-1.836774580672369206e+00	-2.996738321328161758e-01
7.240331858818608302e-01	1.282758753297930543e+00
-1.073276274096234717e+00	-1.024508067008154999e+00
1.618672530126926967e-01	1.225913995292888359e+00
8.351336383658898299e-01	-6.410878569597181498e-01
1.319323285527379319e+00	-2.371433354277566075e+00
-6.213179240249117052e-01	1.210239151145101388e+00
-4.030465042929321839e+00	-9.584958717538112349e-01
-2.297973279170002936e+00	-1.746580949437268382e+00
9.688617165076944815e-01	-3.211865393798515322e-01
1.982549239685608977e-01	4.676836826990919960e-01
6.430427465095848172e-01	2.121863897508221797e+00
-2.248548208858651254e+00	-1.031602423947690861e+00
-2.572050199954781791e-01	-1.580767898474865207e+00
7.237215573284626613e-01	1.079013185331890723e+00
2.024232516468756238e+00	-2.829430802101899900e+00
-2.858427358301856458e+00	-3.504501731403284026e+00
-4.192932768701802537e-01	-2.344629434892693709e+00
7.984979745095913684e-01	-1.857348617516056288e+00
6.287857310921128873e-01	1.374531082496400325e+00
-1.063376132688379716e+00	-1.040690960150920663e+00
-4.155935077015989521e+00	-3.323777020765018575e-01
1.479014188630938031e+00	-8.109640408143307111e-01
4.592823558175271326e-01	-4.769693339640472193e-03
-4.163581100438661586e+00	-1.037932155473327706e-01
-4.236680180917995031e+00	-8.744464807685971008e-01
-6.372548588246182422e-02	-1.409026732889780087e+00
-4.029417446140668879e+00	-6.911209295000479980e-01
1.484364251936572510e+00	-6.713648055163943251e-01
-2.849685127486941472e+00	2.287676884110647624e-01
1.012314816846935139e+00	-1.708243193096797563e-01
1.210309283725647250e-01	9.418241751975213738e-01
-3.653384079600433321e+00	-6.105865042683581434e-01
1.686838572166129646e+00	-2.050397724987710113e+00
6.939828627456677834e-01	2.374932672215046281e-01
4.468533233705403868e-02	-1.007699737795265227e+00
-6.869498395039290717e-01	-6.488799394295470258e-01
-2.792387874900835953e+00	-3.183608959412473460e+00
-1.228216129114683142e+00	-1.804480254654982074e+00
-1.777595895774868540e+00	-1.543714759206553211e+00
8.754291373820077826e-01	7.532091793443262961e-01
5.836239004810939157e-01	1.705037277487346792e+00
-4.390543496254011857e-01	-3.380298424443062832e-01
-9.024589737941502987e-01	1.680979098464416399e+00
3.808544509728243321e-01	9.841766289899693820e-01
-4.093772972470561378e+00	-1.029072975390232347e+00
-3.940397911535075348e+00	-9.674175899551715752e-01
-5.605164413877126162e-01	-1.918853660080275247e+00
3.285848439622887085e-01	-1.517904027269664502e-01
6.905960074184699371e-01	2.206823236578307590e+00
-1.563336001722640756e+00	-1.150535120802516076e+00
-4.699040590136344120e-01	5.990585119697409144e-01
1.384960402487624087e+00	-8.756747785829946951e-01
-1.700702250464807719e+00	-1.448772012260617803e+00
1.700742066336989211e+00	-2.751776783065690513e+00
2.663708028205489242e+00	1.846816974518542542e+00
3.541155071255747133e-01	-1.339955500383219311e+00
6.200363650222797673e-01	-3.923407362375661567e-01
1.014714776976785027e+00	-8.517857290806606363e-01
7.388837202722712411e-03	3.625115975834260901e-02
2.571956792215654097e+00	-1.632306398828631044e+00
1.439355867892043728e-01	-3.901619800872332622e+00
1.338123197138426868e+00	-1.079958201782288407e+00
9.573244502041700077e-01	-5.805455043777651980e-01
5.095114374122599044e-01	-3.473763364526950559e-01
-3.227116160074450679e+00	-1.281827374134130615e+00
-3.089353135682223694e+00	-1.487623184769367501e+00
6.897525226698916212e-01	1.586116371473721642e+00
1.459725459034446837e+00	-1.929323837914076245e+00
2.239189938674586600e+00	-1.027786030583888399e+00
-3.998167852471510297e+00	-8.314168217189490395e-01
1.817867298260364972e+00	-2.502338037785027947e+00
-2.047027346669783032e-01	-1.278667710834154203e+00
-6.110712635334995466e-03	1.076882483131563539e+00
1.133827945777061252e+00	-1.458467236332688932e-01
1.862496188466843172e+00	-1.509922077643336413e+00
4.229186913054878705e-01	-4.182603086028363615e-01
-1.830082738259287245e+00	-7.848514262725193591e-01
-5.167668288237454721e-01	2.594930561308895101e+00
2.571347953455047630e+00	-1.632310051211562918e+00
2.386578369952865764e+00	-2.339402242524101005e+00
-5.284233776261860749e-01	-1.386402654043064064e+00
1.000113654783019612e+00	-2.377855465811590019e+00
1.252096770270906489e+00	-4.514508188129485178e-01
-3.666285914697062331e+00	-2.707844755010884175e-01
1.957115785412355091e+00	-1.632809199728883165e+00
-2.208616443189768130e+00	-7.430642093490861244e-01
4.975395712305570595e-02	2.707568187497035872e-01
-2.656366909140059018e+00	-1.045553281300157566e+00
-3.630849928884343658e+00	-7.567689312519947364e-01
1.063775447082661474e+00	8.402914921999734554e-01
-3.829762078914408896e+00	-1.653836536512552691e+00
1.008031563813300002e-01	-2.005392417527701365e+00
4.303777049487994555e-01	2.075429792309245181e-01
6.801626118512190677e-01	1.448194927672373344e+00
-4.039415332023652550e-01	7.645318200691022525e-01
1.229104676316396638e+00	-1.669651354374904084e+00
-3.431480602665385238e+00	-1.070257831947519334e+00
-3.942132082922966241e+00	-1.635438393647956623e+00
-7.275586421113803270e-01	-1.509981739985907012e+00
-9.552657206039791848e-01	-5.352463836285398235e-01
-2.912269661581002644e+00	-1.613270927361641904e+00
9.898258329951858947e-01	-8.133513300262794621e-01
2.423526983148474034e-01	-7.398644253925121816e-01
9.433807452170147601e-01	2.158123500406652351e+00
8.504611745156026581e-01	-1.241540123318972899e+00
-3.058252299340936897e+00	-9.083946770396561510e-01
8.216582911831390446e-01	-1.940488914109079310e+00
8.545949272894581839e-01	-2.356852771958146242e+00
1.277594738510633432e+00	-1.782420090705646998e-01
1.090990389281244699e+00	-1.179478746360359098e+00
9.058007524834591484e-01	-2.885391386647972456e-01
-1.468702721290401136e+00	-1.100646762061724959e-01
-4.319800387069519410e+00	-7.915768022693611128e-01
-1.607782638705534506e+00	-1.312740054217220065e+00
-1.863096270784952324e+00	-9.641380292168301169e-01
8.785732037501411407e-01	1.178282184506524333e+00
1.947121386616702754e+00	-2.084155858886235002e+00
-2.542906340821177391e+00	-3.507177800559524439e+00
1.111127784540860253e+00	-1.955531204693271574e+00
5.012042724830274854e-02	-1.504398305067231600e+00
8.013750326366743115e-01	-2.389637124505146204e+00
2.435977157032623852e-01	1.726024866437807503e+00
1.258399435723602577e+00	6.633455443037297172e-01
1.096633119215489893e+00	-1.623958902718952046e+00
8.995506481145888467e-01	-1.501958939039271135e+00
-2.576357083013820048e+00	-3.353115489480570588e+00
2.799248848049986638e+00	6.964183617975491236e-01
1.222690539098083562e+00	6.497417940550323512e-02
-1.293430787524908698e+00	2.680274363359521406e+00
2.305745636467041448e-01	9.736657055219116730e-01
-1.620857382299624394e+00	3.344433827434702966e+00
2.841828056514855150e-01	6.131529641392285956e-01
1.884183541053953581e+00	-2.925031201146617299e+00
2.878252979817643165e-01	5.443126751277994613e-01
2.123260657386184302e+00	-2.795291301707278020e+00
1.139346750771385031e+00	-3.004329489265774811e+00
2.867291275251518279e+00	-2.303268869022519816e+00
9.097554303994588309e-01	2.496341535610719919e+00
5.403043994368766922e-01	2.032073516369414801e+00
-2.781274931402158423e-01	7.562211790792496835e-01
2.219877514710032695e+00	-5.356039553050279123e-01
3.169728972234402864e+00	1.257448013724703273e+00
1.311265272930225434e-01	-2.224702143394900133e+00
1.795352952460752327e+00	-1.924748184377968796e+00
9.287036039905438578e-01	-1.585566263013273636e+00
2.437507671008365406e+00	-1.748023546385125915e+00
3.275202703819656835e-01	-1.804490564740869329e+00
2.373085539823920898e-01	3.514991754564071869e-01
-2.820326206712355788e+00	-9.189942779197010081e-01
9.174668258184568437e-01	5.066530345526258916e-01
4.350334050060044588e-01	9.862284379551323754e-01
1.018323180570941178e+00	-4.159408932652531310e-01
2.738342689118381301e+00	-2.593177557093043539e+00
2.366267708130255443e+00	-2.235596420874299550e+00
1.077312554269481248e+00	2.503325334489050480e+00
-1.511853768831058265e+00	1.623672115140907701e+00
-1.869683925834780380e+00	-2.369376136894013385e+00
1.080341732277383615e+00	7.973104672601890597e-01
-1.149517896830153929e-01	-2.422262207064786566e+00
7.777746799874125649e-01	2.309601468635158028e+00
1.220081554188063716e-01	-2.063235932672791595e+00
-2.603613790043069809e+00	-1.534876501313478192e+00
1.495699051019993897e+00	-1.502967193202490614e+00
6.979782931983492533e-01	-1.407214555244759246e+00
1.452433712752096984e+00	-2.402896736904757358e+00
-5.983205851260112729e-01	1.856919978343813504e+00
2.446201807293934660e+00	-1.741095182519782014e+00
-2.980150129737302311e+00	-1.064418414593451434e+00
6.387019993601140699e-01	-3.343655236401914976e+00
-3.170519055103581785e+00	6.281157359510569638e-02
9.356093189381928799e-01	-2.264979308180083084e+00
-1.160891255002696854e+00	-1.137933563281828375e+00
2.043732178056627991e+00	-2.714878269277484879e+00
4.598435545024379678e-01	8.356230930255368339e-01
1.304650515406504452e+00	-2.405577208865691929e+00
-1.633549984955193990e+00	-1.632957258637846687e+00
1.979591284300185494e+00	-2.482590241249270857e+00
6.781545523595851055e-01	-3.624192700615186169e+00
-1.518584964234075851e+00	-1.859933605222650499e+00
-1.800327923627061288e+00	-9.959422866411027364e-01
-1.754733939296207357e+00	-5.735342924162116773e-01
-1.653023099611280466e+00	-8.505347587982103885e-01
3.601446797169445269e+00	2.424219214910784181e+00
-2.778714323704384093e+00	-7.873622285052702674e-01
2.561017903130113016e+00	1.146481909839895952e+00
-1.206502805608062667e+00	1.938774484584925961e+00
-2.831888248811815778e+00	-2.565519682747650521e+00
-4.389783928827694304e+00	-9.595679166651479575e-01
-2.343253605664918027e+00	-3.216214483876987273e+00
-3.739068838052434618e+00	-1.776066152079830207e+00
4.000699052216616813e+00	-3.143880656084397929e-01
-1.401736406579666028e+00	-9.762964599112801123e-01
-3.616002648736270420e+00	-1.290277617484774320e+00
-1.672980752254343395e+00	-1.021553378978056870e+00
-3.555665108886870929e+00	-8.873951678504546914e-01
-2.671535288120290730e+00	-1.057805103088516274e+00
-3.343841049897402495e+00	-9.349659975440217652e-01
-4.258291723534765261e+00	-8.925936785728391110e-01
1.876163447680018415e+00	2.614770722298058736e-01
-1.641400119568066363e-01	3.122974003591065806e-01
-4.238681956407594598e+00	-1.048736417223130823e+00
-2.082634414764136466e+00	-3.005122573692566412e+00
-5.065325304978709337e-02	2.164768719103039862e-01
-4.022077065789771311e+00	-5.483383131673460475e-01
-4.757663156979762498e+00	-5.416144514658581821e-01
-2.160106749911507862e+00	-1.486970967375533581e+00
-3.652898327753975050e+00	-8.619823298396961375e-01
-1.556159148089337085e+00	6.743217362358225886e-01
-3.037466009497277852e+00	-8.803713489527547065e-01
-6.851354652062252582e-02	2.468456236268440129e+00
-3.595821646990551290e+00	-1.677748127682889834e+00
3.321531087048870567e+00	-1.872753844642930515e-02
-1.639238384718587183e+00	-1.324314212680443026e+00
-1.890596564618427733e+00	-1.300717531116450942e+00
-1.492309391527730122e+00	2.043486518555295561e-01
-3.708899697539308260e+00	-2.477495203986370409e-01
-2.967991590266407798e+00	-3.587075131628569391e+00
-4.073811806130658297e+00	-8.779996320592337034e-01
-4.057155621244914911e+00	-9.697837081879356891e-01
-7.164443903376946921e-01	3.369321706256167559e+00
6.127571121055844228e-02	3.379904977182440984e+00
-2.510057113381857885e+00	-8.958156504666686670e-01
-3.395171995178971613e+00	-8.706580650144999378e-01
6.101789263797916529e-01	-4.298245228814129293e-01
2.948646053707983938e+00	8.638163308138174790e-01
-1.811804231414524624e+00	-1.827881119437334556e+00
-1.632781367784113868e+00	-1.208065394885373234e+00
-2.662546100598753185e+00	-3.277664276379244512e+00
-2.436610505558719275e+00	-3.133683487355288566e+00
-2.077597928654539849e+00	-9.020598593327495696e-01
-4.984904628232106338e-01	-6.574640731187939569e-01
-2.003602877780327418e+00	-1.237926737832929280e+00
-3.696693415269860505e+00	-6.156139738094529301e-01
-4.113209506936415849e+00	-8.044668959054245283e-01
-3.973971055307654598e+00	-5.624162404495646195e-01
2.425499957171726173e+00	1.126237029923910171e+00
-3.951220987812704255e+00	-9.270235639381618764e-01
-1.785390362864241354e+00	-1.149858804283008906e+00
-2.419060273149361340e+00	-3.456918863107214523e+00
-3.849916092097789733e+00	-6.615811142496442754e-01
-3.832429027084079731e+00	-7.943061028749489605e-01
-1.662561841553028330e+00	1.506818656887844998e+00
-9.259433411231235977e-01	2.418800652802683082e+00
-3.987957396824167500e+00	1.031824702056430176e+00
-4.046345111755509372e+00	-8.427856361176292443e-01
-2.183688775955333838e+00	1.097258258593340141e+00
-1.241817011245235136e+00	2.795496895223318123e+00
-1.665931890288846473e+00	-1.206051379873058549e+00
2.518809843644802537e+00	-4.886842177955965094e-01
-4.072874083924261868e+00	-7.682659697350481265e-01
-2.895042426319414552e+00	-1.612787956943560197e-01
-3.277760061929412938e+00	-1.059724425101375100e+00
-7.850897766731400607e-01	3.161767725319950539e+00
-2.974302664544097752e+00	-5.282498961985236940e-01
-4.028757233169891983e+00	-5.395498183477055454e-01
-7.286157371294053053e-01	2.797585938530910088e+00
-3.806281978820823753e+00	-1.358366310716362824e+00
-1.378899456545209290e+00	-1.023793433693726218e+00
-3.873813680221058320e+00	-6.588382649644694000e-01
1.751362883546329630e-01	-5.657868522748108475e-01
-2.027154365294686844e+00	-1.847996238039817163e+00
-1.792661845480007843e+00	-1.755749085656545860e+00
-3.804891465512182602e+00	-4.663940575602311123e-01
-3.787305312811995783e+00	-1.175103033769671956e+00
-1.360895049455360883e+00	-1.471020281392229734e+00
-2.558228597570469276e+00	-3.375997561674103142e+00
-2.616117524445702003e+00	-2.834388527550506076e+00
-3.415651466053013952e+00	1.090655939303005972e+00
-4.277318979847217206e-01	3.262186112708866048e+00
-3.527268150843012595e+00	1.448961362714711043e-01
-3.389576432746053580e+00	-7.036787917211563270e-01
2.897677482682040395e+00	2.500004675384537300e+00
-1.143755151360428046e+00	-4.362759845571607675e-01
1.403330133994353801e+00	-2.391168096383098796e+00
-3.949424982001134676e+00	-2.854488416017902375e-01
1.535767413720725116e+00	4.336558139465410133e-01
-2.268625829814374661e+00	-2.455434574289673488e+00
-1.033466923135996529e+00	-1.360956243701327839e+00
-4.312435680063142485e+00	-1.188267597197248726e+00
-2.819970395554176168e+00	-2.932261708267676958e+00
-1.990600395826264135e+00	-1.756603508646318978e+00
-4.500044518018093243e+00	-1.379718828506745210e+00
-3.392694590148301437e+00	-2.139113794460940188e+00
1.980461812769295005e+00	3.312024651427001865e-01
-4.528828228539489853e-01	3.050764572516216244e+00
-4.183675474033226926e+00	-6.414625704141426743e-01
-1.280809662721432929e+00	-2.782190417824444428e-01
3.047137157722207057e+00	2.542561424794669289e+00
-4.091710771718553907e+00	-6.429108295799600414e-01
-3.466476852891780869e+00	3.344656763038942882e-01
-1.402039999833379236e+00	-1.696303376719650924e+00
-3.195986421340061057e+00	-1.631759224110307160e+00
-3.975021748354329532e+00	-7.675176373983286782e-01
-3.864748869377782281e+00	-1.015604404592055809e+00
2.386497080844947050e+00	2.631911759581181176e+00
-4.257973196711088093e+00	-1.436907438618628685e+00
-3.824585350934826877e+00	-5.223128481163599179e-01
-1.169538016130238223e+00	1.197596330093757100e+00
-9.706497679887158281e-01	7.884180207957320885e-01
-2.795182713992255152e+00	-2.456459861486693930e-01
-5.421005037311373842e-01	-1.069858470111067827e+00
-3.566525474503440818e-01	1.558271094901866993e+00
-3.965517968684692640e+00	-1.167396180512671355e+00
-2.756376810253678311e+00	-3.274691511014541589e+00
-1.239626732014062149e+00	-1.302097056942565834e+00
-4.051120032201280807e+00	-6.133029354156905866e-01
-2.481899294967287783e+00	-1.451788524095971145e+00
-3.855467895290606073e+00	-2.214760179799062922e-01
-2.517656991863641114e+00	-2.974062229279415881e+00
-3.481586693722144688e+00	1.213792019859016191e+00
-2.599160181900967537e+00	-1.304504291794353010e+00
-2.588171891792925727e+00	-3.027006986635973007e+00
-3.103074144333737294e+00	-3.111148839919721354e+00
-2.733337483861024264e+00	-9.250633290029550704e-01
-3.726100489786559056e+00	-4.960097067084557887e-01
2.016426431385895501e+00	6.182175174163740961e-01
-3.256472610791166566e+00	8.733176304515087862e-01
2.456903231848956981e+00	-2.825321569317082449e-01
-7.537621644327492376e-01	1.051132424568806512e+00
-1.856114800279982102e+00	-1.334837449787911856e+00
-3.452614394986517343e+00	-8.150331039799522115e-01
-4.170172825714898224e+00	-4.660240365614212732e-01
-2.533602511631082965e+00	7.951211155464528169e-01
-2.530562841757880044e+00	-3.256169621015499338e+00
-2.933116467824058216e+00	-2.858701180650301321e+00
-2.130022508927362335e+00	-2.054890927308612891e+00
-2.255824103576934636e+00	-3.502457587932934491e+00
-3.074565007449530540e+00	-2.131092655021653126e+00
-2.446525779919948018e+00	-3.067456201585847531e+00
-1.160751442815197931e+00	9.938869382121087170e-01
-2.671909103249777928e+00	-2.435263615843586749e+00
-1.997368787092015818e+00	1.000808678730950030e+00
-1.529984297495727619e+00	1.336561479271867636e+00
-5.786264449999679177e-02	-1.557942657700723377e+00
-1.994581170915121104e+00	1.750538836779051977e+00
-2.515135381898994105e+00	-5.955461334193364389e-03
-1.272133640926824016e+00	1.194977609016058873e+00
-1.828376647437389257e+00	-1.713381176543717244e+00
-4.273851954894995586e+00	-1.100375997503570735e+00
-2.937163390808695596e+00	-3.126321245749705824e+00
-2.141448810152321247e+00	2.957016216922295104e+00
-1.747039617651458876e+00	-1.623797999779083456e+00
-3.942233520511615463e+00	-1.404265607992161602e+00
-3.950911731682603012e+00	-7.424820695902766277e-01
2.702967928450643154e+00	-2.630185157360954706e-01
-2.766201884586775961e+00	-2.278430053828628843e+00
-2.783860396801045134e+00	-1.823862308699341295e+00
-1.917093538784560458e+00	-2.922742833500502346e+00
-2.884546887852641017e+00	-1.546412878570872174e+00
-1.037900419722178835e+00	-7.552239899439512349e-01
-2.476700284196267532e+00	-3.386197507472700430e+00
-2.240863282971718995e+00	-3.341613158816218121e+00
-3.671416982454421607e+00	-8.020915652659369455e-01
-9.512937767162947811e-01	2.869312737060605301e+00
-2.627941424171464035e+00	-3.380645235930882286e+00
-4.072901006703689930e+00	-8.635762389362856839e-02
-3.676284274735462709e+00	-7.421159205899824363e-01
-1.567068769628008340e+00	-8.701604030332608097e-01
1.211447518098906162e+00	2.901933101298460604e-01
-2.321025632724408982e+00	-1.726504110606804643e+00
-3.015050627438011777e+00	-4.030008212541981161e-01
-1.898740759377748999e+00	-3.217582584829860592e-01
-3.881143177201729966e+00	-7.023994648197763313e-01
-2.775059779192527998e+00	-5.613741169088830585e-01
-1.198760717575213297e+00	2.525943748035214487e+00
-1.786021412855272272e+00	-1.761603537873127179e+00
-1.562022586887203968e+00	3.004772735644044346e+00
-2.380850231572609665e+00	-2.989828636179847621e+00
-2.813734187228816186e+00	-3.224600345219407416e+00
-1.533664525916319077e+00	-1.208995557427980927e+00
-3.392828589143365381e+00	-4.365242616520944585e-01
-1.314705841452664670e+00	-9.386624378775043631e-01
-2.758877697114040739e+00	-3.205616175047943273e+00
-3.959830638186889740e+00	-8.216925179556004988e-01
-4.057942986459096346e+00	-6.651841193293563936e-01
-2.385662236654466195e+00	-2.898626796661333049e+00
-2.594094029759684172e+00	-1.696422355757979616e+00
-2.820694557111627976e+00	-3.401340233394441803e+00
2.780217512056441631e+00	3.032711772756293556e+00
-1.710824233206335032e+00	1.180127799310321857e+00
-8.960358373662258291e-01	1.390139250745189514e+00
-1.248688487947356762e+00	3.025157254076632274e+00
-1.728756132568603610e+00	3.257574611524224562e+00
-3.381402271608670240e+00	1.169632520818519650e+00
1.269226004208153125e+00	1.351449962278975736e+00
1.189744107922911853e+00	2.007249374531175690e+00
-1.409492580565644415e+00	-2.719783252292211073e-01
3.077870561149525397e+00	2.415129205619072739e+00
-3.042782576237795578e+00	1.893034856722990433e+00
-3.366455623337537784e+00	1.735640142198583868e+00
1.617737379961417865e+00	-1.034727204728848271e+00
-1.143298638043477311e+00	4.362321931833230693e-01
-1.530185220574699745e+00	1.956962527284727082e+00
3.121028558544932441e+00	1.538282857923947144e+00
-1.181332907357651951e+00	2.440266989852448720e+00
-1.739302067072731495e+00	3.223507448571892642e+00
5.209909604096637503e-01	2.764611578507499168e+00
-1.810597271317937018e+00	2.856113517905353838e+00
-8.800313611985874918e-01	2.962305798326368311e+00
-1.348876591135909742e+00	3.250754745678443136e+00
2.053830107488914702e+00	1.926477907410130141e+00
-7.261022850493279446e-01	6.861724321193198861e-01
2.369914395043023703e+00	-5.666139390492100913e-01
1.732093987358761744e+00	2.363815785448528217e+00
2.766324575473806835e+00	2.843860413858735559e+00
-1.293852195396349103e+00	3.673057689778504442e-01
-7.711432885962891115e-01	1.576842172690573696e+00
5.043551060542785791e-01	-1.196258511871135521e-01
-1.117267154810078489e-01	1.425616986790340990e+00
3.496624771387413677e+00	8.929705374718969191e-01
5.153787863971881489e-01	2.603365092220998989e+00
-3.109009796827054917e+00	1.630493508669362601e+00
-1.025569161430922360e+00	1.958952319920548524e+00
-1.351253528667612613e+00	8.881515720834890493e-01
2.314948255332482496e+00	1.791928063470131116e+00
2.470641174221014147e+00	2.425845888868610967e+00
3.285448436870268552e+00	-7.763602385665759886e-01
-2.684146104021098544e+00	1.201064616676763563e+00
-1.403815402913805466e+00	9.678625957222988241e-01
-9.544102365724419501e-01	-1.661865253082983163e+00
1.170610937814991814e+00	2.360179270698400167e+00
-9.206878836205061312e-01	1.427501999200364136e+00
-1.138539321151928130e+00	1.499401367593786727e+00
-1.417725033433957504e+00	7.013992571925274921e-01
-1.125121880597023116e+00	2.323086092597003383e+00
2.430033877018838773e+00	-6.678414348428791669e-01
1.886458671642539553e+00	2.197113514242320598e+00
-1.805205337354100825e+00	1.555841785791653775e+00
3.362564902522424237e+00	1.157250570085124552e+00
2.472718159657680825e+00	1.069697686434235795e+00
-5.597816464719913565e-01	2.350363677184326594e+00
-1.344252749515580492e+00	5.894252047236037823e-02
-1.908849605896476787e+00	4.609584602286870281e-01
2.226600669301582514e+00	7.374161258257166951e-01
3.512098979044657732e+00	1.202939522965942087e+00
-5.830974121288952094e-01	1.445555622888417213e+00
-1.408212955326291649e+00	1.699976442835211987e+00
2.160268160908191959e+00	2.376418720073506297e+00
3.308581292326624457e+00	2.545099518478574740e+00
2.263763702969530556e+00	7.234626485809722007e-01
1.589233503885782772e+00	2.439321077198129128e-01
3.468730469522872895e+00	1.238044634265729416e+00
2.651614576705992210e+00	2.339622100288071938e+00
2.711110842409452548e+00	1.713342865513638236e+00
3.886759997142749334e+00	1.698488940461089225e+00
3.389980499365015554e+00	2.200496074787391176e+00
3.874646374096952339e+00	9.171878530170733956e-01
-1.558738815515634979e+00	6.035232512861630205e-01
-1.569443768066060674e+00	6.327126615751011984e-01
-4.572617458078413050e-02	1.554903088208584805e+00
2.483047045708511646e+00	1.794558135059962645e+00
2.599418626851195402e+00	2.343404251646713288e+00
-6.989310421136044060e-02	1.689639630864196107e+00
-1.316341203426553141e+00	2.933043356612147434e+00
3.319844581118992721e+00	2.122867174972089543e+00
-1.228820670638738344e+00	1.246082981838516623e+00
2.930786236570467995e+00	2.323669747670525254e+00
-1.077073800334438669e+00	1.795193052572309211e+00
3.481532595241052519e+00	-2.126830313698644948e-01
2.927872043410989722e+00	-3.684549254433294729e-01
-2.700178716861193484e-01	1.241068278820331022e-01
4.505233873397622268e+00	2.501851164797002536e+00
-1.423805204029018334e+00	2.715449990764315036e+00
-1.190095205835215442e+00	5.636399036945972663e-01
-1.088060785930677676e+00	8.440028161443214882e-01
1.324172742497788713e+00	1.167575202237320642e-01
-1.735745402821860406e+00	1.321569737502625186e+00
2.651663212444062445e+00	1.990053165754062547e+00
4.080281383066303391e+00	7.986574528749852409e-01
-3.069557795005815937e+00	1.422786338651634397e+00
-8.590065282664961499e-01	2.972262244556147071e+00
3.777410998228944550e+00	2.368368502849238055e+00
-9.798774000626283565e-01	5.980934673268621937e-01
3.437060646169580291e+00	7.295747077646130840e-01
3.207665143930042539e+00	2.382506301406206006e+00
2.474616483086084173e+00	-1.320361800136291563e+00
-8.002380451177197873e-01	4.289882915692679322e-01
-1.451798763447053719e+00	4.323260843979438994e-01
-1.003052631959273855e+00	4.280634357848708271e-01
-5.107891193627461801e-01	6.147091698080944244e-01
3.054336937952507824e+00	2.635908246262181898e+00
1.894843441350205548e+00	2.268412845268436673e+00
-1.946977823797705121e+00	2.119059846891295340e+00
-1.357665098123469472e+00	2.114001746681369198e+00
2.354672196324279376e+00	9.195539824495475578e-01
-1.096537489215425154e+00	1.757157023456932476e+00
-7.475343294383893777e-01	1.534869877611474198e+00
-2.565664976653016183e+00	5.529877019195065246e-01
-2.142115640562108236e+00	3.183791097962648475e+00
-3.512462929825590052e+00	-1.820608417396135104e-01
2.538839088788928944e+00	6.238447087533618429e-01
2.979327065951257847e+00	-1.084385933173241723e+00
-1.637897896309875367e+00	2.906342486479778664e+00
-1.726582598863618312e+00	2.866517387753851231e+00
3.326277614438617025e+00	1.646892741929331105e+00
-1.314566823700161757e+00	1.447627013022674047e+00
1.751655039951335091e+00	2.696451698841325406e+00
-1.743798595241422333e+00	3.527364886880406392e+00
-1.129031454890137010e+00	5.138624503708623115e-01
-8.083131579293325597e-01	2.887948746418259383e+00
3.398661900017203141e+00	1.212983888730430504e+00
2.880020810807109921e+00	-2.715289643303936962e-01
-1.269054146300901742e+00	9.998182521077928486e-01
3.849353078195750122e+00	2.606748439295409892e+00
-7.096151234340704050e-01	5.802387117069823796e-01
2.914531533211981440e-01	2.933317896495421184e+00
-1.384114287401334353e+00	1.724425081835089912e+00
3.065274356960074442e+00	1.384505035107929771e+00
-8.565165136799113288e-03	2.322676265895679659e+00
-1.464492384972552186e+00	8.998807636835897128e-01
-6.669070042369928952e-01	-7.032320116380749164e-01
-1.097752890697118122e+00	2.797658292648127709e+00
-1.412798793241659689e+00	2.141895658211113940e+00
3.635414331623289197e+00	5.225935736322236957e-01
-2.917916163032130417e+00	-4.178361789847265251e-01
-1.354642962545745677e+00	-1.946087240677686347e-01
-6.422139934962342589e-02	-6.365432186007706772e-01
4.803592779535112989e-01	-6.528070722623173505e-02
-3.379702476744629980e+00	4.392369398883837484e-01
-1.254224972936886617e+00	2.771564633121768928e+00
3.456105839781365319e+00	1.048374985482278365e+00
-1.284590753532495744e-01	2.391795828916847722e+00
-2.394314228869232064e+00	6.704356464259157988e-01
1.645443340131215848e+00	-8.182182993506381674e-01
5.975743891826187371e-01	3.149981217727974681e+00
-2.111609163463120442e+00	1.362071532237658200e+00
-8.726280222694061672e-01	4.001991304638552460e-01
-2.162593154858730049e+00	9.983538680614311156e-01
-2.222102965096648952e-01	2.501712858217140401e+00
-8.899810737746723932e-01	-3.640697789806096596e-02
-1.178375447650319652e+00	3.063712914650400077e+00
-9.904766612852694552e-01	1.070021409085003761e+00
-1.168959994033722083e+00	1.001302804554001558e+00
-1.007895986273310118e+00	8.112923028989111884e-01
-6.964500116164010768e-01	3.061975837542111556e+00
1.548954856737869479e+00	9.660400870633474302e-01
3.074487911989834732e+00	5.245295937107636447e-02
-1.217607738387676219e+00	2.037211070103829069e+00
-1.898720652473395942e+00	3.283386005397370688e+00
2.241619246718957292e+00	1.100210661766531928e+00
-1.136659136030430117e+00	8.627721501015250816e-01
-8.297225222328761252e-01	3.110338229459991055e+00
2.929206648283237513e+00	9.652622644154902343e-01
-5.952738258282945782e-01	2.537679793032132203e+00
-7.965733937249700469e-01	2.478772254573248457e+00
-4.860822965880603475e-01	2.543634791287987085e+00
9.370562546858409725e-01	1.004900711323847062e+00
-1.108555990857128082e+00	2.936544200001604210e+00
-8.579241442329657019e-01	1.568875520462350084e-02
-2.940973254349600108e+00	1.539653032403224708e+00
-2.707820513392014683e-01	7.758043104687969427e-01
2.152729879232964938e-01	2.077454103488353354e+00
1.354984943739448111e+00	2.639778373070084339e+00
2.453432788046316038e+00	1.210703992654982297e+00
-1.095614796194545937e+00	1.697981794277439782e+00
3.196198663019310438e+00	6.520158083948732752e-01
4.486394174538833046e-01	-3.592343644007327530e-01
-7.174935962741387785e-01	9.477728146437138790e-01
-1.341073122530527906e+00	2.657463228392673571e+00
3.807758456274728420e+00	2.452682840951168952e+00
-1.848879063025560265e+00	-1.971562733430567149e-01
1.533225690105640471e+00	-3.913035548887793258e-01
-7.815582358129301577e-01	7.626347046860993961e-01
-1.261635848090119749e+00	2.734525930971164698e+00
2.253565440037147205e+00	1.006391834964627918e+00
2.114721971273425538e+00	1.526998127749279677e+00
-5.063277689383912650e-01	4.642827603867925590e-01
-1.253600210763757383e+00	2.407454820497455739e+00
-1.728923965529539197e+00	3.027340548739815063e+00
-1.075512189689634246e+00	3.237881726105624303e+00
2.437446213521955674e+00	6.281090587577322637e-01
3.891467249454508837e-01	-3.291271000714365291e-01
1.690566920732523792e+00	8.750296516604981756e-01
2.958642488260106784e+00	1.316587074028456428e+00
3.008096150883722952e+00	7.784150170473265185e-01
-1.760492224184937005e+00	2.682143304800133077e+00
-2.232237333055546724e+00	2.880943465007375082e+00
-2.223521078942392870e-01	9.426189797868709253e-01
-6.975823360420118080e-01	2.636105417019310337e+00
-1.600266819397626827e+00	2.819801672429783412e+00
-9.611524767895484045e-01	1.031821673807675310e+00
-7.798884700716328666e-01	1.909464323932452912e+00
-1.044254296517502123e+00	4.614719703623517133e-01
2.587484785833347178e-01	2.416525217869315068e+00
-1.784031245089311435e+00	3.328275884800966367e+00
-1.641636559427401609e+00	3.081639785839326962e+00
-1.500964687924076335e+00	3.075060972923729263e+00
-1.153854538754282011e+00	1.652346694691414708e+00
-9.376799501371524403e-01	7.776861673761077398e-01
-1.682973212985367173e+00	8.072056039828111595e-01
3.231454723081178315e+00	9.283684179131617142e-01
-1.583992273660319139e+00	2.617166765623088587e+00
-1.352979986116352729e+00	1.825855408559707849e+00
-2.036622049223703268e+00	2.794705016826032562e+00
2.996955312301574192e+00	2.989053072353561102e+00
-1.349635949071541940e+00	1.324012828330671576e+00
-3.138967010019507953e+00	1.453017948184092356e+00
-4.357779143589897153e-01	1.612140860964600408e+00
-1.435422664243389379e+00	1.798902574334634075e+00
-3.086596210912886384e+00	1.469191157429057704e+00
-1.307440378117092239e+00	6.735444247723381128e-01
-1.172750250817324202e+00	3.080505653847808389e+00
2.983660785660409154e+00	2.521850845475386294e+00
-2.056219597172235680e+00	7.846941214449759672e-01
-5.742568478383088815e-01	1.317694899439417977e+00
3.057902484488295602e+00	-1.105771266607538550e+00
-2.237626923780244415e+00	2.602413748025983242e+00
4.042083028723885141e-01	-2.362494158068044747e-01
3.102895011502041722e+00	2.397491928881921197e+00
-4.586397208668023806e-01	1.029731964672669253e+00
4.080920719818246667e+00	2.020704572394545817e+00
-1.480217135317498878e+00	2.659585158371015279e+00
2.449801580644116739e-01	2.798329791608938688e+00
-4.888412540731508771e-01	2.476566867831141661e+00
-1.016940322836418220e+00	8.032546011834931221e-01
-1.127176559511306575e+00	2.895741840278100110e+00
-4.533932768843914607e-01	2.344816901327016367e+00
2.322216978577841484e+00	5.580523431256740885e-01
-2.121030768721412496e+00	3.158453174277005004e+00
-1.209610203118135274e+00	2.575008251980796636e+00
2.340696414678698822e+00	2.726988224573684283e-01
-3.465798068153953526e-01	1.608498565825930093e+00
9.015447480818548076e-01	1.892610528061421826e+00
-3.001073181536328072e+00	2.182574842207439136e+00
2.688115058860425233e+00	-2.423390049004334190e-01
-9.902981299515805080e-01	3.052656465926653961e+00
1.980335979932173585e+00	8.627258299574743772e-01
-1.032913709958640291e+00	2.661626087832638543e+00
1.854364681254653258e+00	9.218943096389338177e-01
-1.615197472581131333e+00	1.204329373834235106e+00
-8.633032735387871082e-01	1.342874106165659054e+00
-8.125827084006380652e-01	1.075570762122148194e+00
2.818477089457992246e+00	2.322607988235192877e+00
-1.243362953672556781e+00	1.204018059896380999e+00
3.329018915342541796e+00	1.471047650155649089e+00
-1.828621749342601133e+00	3.766235798773994947e+00
-1.557570292874674189e+00	1.934361453764365857e+00
2.027195442482085941e+00	1.192430300664804932e+00
-8.386041241681380098e-01	7.617614022397511953e-01
3.189028876457399519e+00	1.193649807615142278e+00
-2.558803117801138893e-01	2.307155379204180790e+00
-1.689089091635606055e+00	2.672722277226817766e+00
1.853116462927238695e-02	1.623739380292763990e+00
-1.339925087186133457e+00	1.556105550612287836e+00
-1.156477006266074969e+00	4.599835916358703258e-01
-1.829317738590424014e+00	3.306147182447417343e+00
-2.156113277880725487e+00	2.869642322081495056e+00
-1.691919618927876456e+00	1.413305096218387513e+00
-1.210802265886223583e-01	1.078905084647089202e-01
3.445527207684571547e+00	2.246787421901573989e+00
-5.361236071270839565e-01	2.438205312510919764e+00
2.460137053617832859e+00	1.299593466142060061e+00
-1.740776488254437870e+00	3.098958296983477467e+00
-2.921256778033930468e-01	2.906395121797743286e+00
3.356045406464134739e+00	1.883377490800807408e+00
3.580059142576262676e+00	2.007920997068444180e+00
1.529910180505254846e+00	2.295854330929803844e+00
2.407227189107223886e+00	5.263915938187563315e-01
1.911828400689871144e+00	7.289652554171263121e-01
-1.379086970130955381e+00	-6.366697529695726221e-01
2.513098044913220974e+00	2.485756929072040489e+00
-6.831657476125346795e-01	9.799094060788485216e-02
3.335386438083334237e+00	2.697466003143636382e+00
4.869732047118433549e-01	5.964653804849187058e-01
-6.037212625040784264e-01	2.409042325354290970e+00
1.176087156190088606e-01	2.776540994359640191e+00
-1.799197099583035087e+00	3.026705290547985427e+00
-4.585744762718796386e-01	3.419603265700223549e+00
-1.039590595016923524e+00	1.324145269446571849e+00
1.672038052582868417e+00	8.573023508509017843e-01
-5.190202963762562405e-01	-5.348292558484886439e-02
-1.609993481837625140e+00	1.268487001018673732e+00
2.796032624805134148e+00	1.831983843942597945e+00
-4.353073004439835247e-01	8.164988755916479102e-01
3.686694772790765740e+00	1.239653445950787303e+00
2.981256405628535777e+00	2.491214764222648537e+00
-1.491945927878104872e+00	3.030437503565944102e+00
2.622415184747551642e+00	5.140268300367867305e-01
-1.787565406682118940e+00	3.520722272327478031e+00
-1.788991637625991560e+00	1.510893678788752581e+00
-1.695109793045569635e+00	3.358361182592600525e+00
2.159994800406593196e+00	2.024657651218542409e-01
8.567930231454052858e-01	5.617868913948972365e-01
-1.648967292559836872e+00	3.093192157945981347e+00
-9.699132652663811083e-01	-9.827787903209954656e-01
3.414659526893538466e+00	2.276579715021065375e+00
3.290772673098413037e+00	2.159051933137663859e+00
-9.404064872008883746e-01	1.302690713858627669e+00
-1.499833843173159931e+00	1.731775454072314036e-01
-1.149041894053231205e+00	6.257099583485249417e-01
-3.956950971880942025e-01	2.991690468844377726e+00
-8.367058767405760600e-01	1.299813769734079250e+00
-4.994286304697586609e-01	3.917640090685428067e-01
-8.117440871838687011e-01	8.795743815011610733e-01
9.781378790608603602e-01	1.572983547720984976e-01
-1.930095363740402581e+00	1.229453238471075016e+00
-2.025485503829430600e-01	1.984621668454698451e+00
2.681252541692454638e+00	-2.051413715745635524e-01
-1.704528852620107671e+00	2.810966529452720852e+00
-1.637512230913210631e+00	9.476964411407271527e-01
1.273021775173986292e+00	1.211576356891692852e+00
3.275323805127286381e+00	1.533724928391640097e+00
-9.403202907633758656e-01	8.792265853929562835e-01
-1.108014394138884029e+00	3.432029288987933913e-01
3.817705074016414457e+00	1.631715690570622268e+00
2.408273575443019787e+00	-4.577526062876313695e-01
-2.568011601079618789e+00	4.955552905621763427e-01
-3.869261178617581232e-01	1.691018438041611283e-01
1.782546031359156125e+00	2.304578607752314934e+00
1.684741913817629388e+00	2.947417015975906107e-01
2.695358436155257831e+00	2.016021721875748351e+00
3.406996565219906348e+00	1.099121803863162050e+00
2.558944693420552419e+00	1.669386860033761355e+00
2.950001318492352809e+00	2.443243069442955218e+00
3.550674657698063896e+00	2.332030461746664507e+00
3.421928180302019395e+00	2.519284810823811949e+00
2.307209179708379132e+00	-6.012310849192206152e-01
1.621103246061151415e+00	2.427317418799013193e+00
2.994144492693666670e+00	2.463878619920166990e+00
3.320585814254652934e+00	2.486545249846615846e+00
1.803443699459914340e+00	2.367432695405836451e+00
4.158311024122209432e+00	1.226477750871625805e+00
4.182368256787115435e+00	1.133114922037383288e+00
3.268528585662430430e+00	4.722741482296341498e-01
3.051577355438225947e+00	1.960120633329375250e+00
3.181676820162017805e+00	1.229711922208675867e+00
2.700496491104529717e+00	-7.839392514800390677e-01
2.101846690824210828e+00	-1.185258746401477159e-01
2.184655417176946557e+00	-1.033298644449497233e-01
2.347765283828259886e+00	2.666190528755895794e+00
3.930249066979103034e+00	8.853811140305247740e-01
3.379370195913388830e+00	9.216866600358544215e-01
3.431961286760090601e+00	1.432122707683563423e+00
3.356933638472944903e+00	2.422968225356681771e+00
3.054807196062357288e+00	2.737206671634508481e+00
3.342350749383269815e+00	3.064843119882395328e+00
2.901709265379674996e+00	1.545226721021902838e+00
2.123760259112770221e+00	2.782447299595722789e+00
2.394124989934909298e+00	5.538612936947250320e-01
2.303932296527952506e+00	-4.417206897165602136e-02
1.532044237771443607e+00	3.592612430534356527e-01
3.912566669766727401e+00	3.351541001747238457e+00
3.302551610577846297e+00	1.666199692441678648e+00
2.232944253583389216e+00	3.009390577619741602e+00
2.882696184584762733e+00	2.959671668020537272e+00
1.680778793984427200e+00	4.493018121959798661e-01
2.356022168950895335e+00	2.499995686542035855e+00
2.323727003613439646e+00	-3.902462935824180801e-01
2.667867692889688502e+00	2.175518710147426038e+00
2.474340999835168198e+00	7.959311349602412600e-01
1.542692572767692338e+00	5.177636845086638351e-01
1.287093453546391819e+00	-2.836634924234610056e-01
2.277287767749004654e+00	1.006280000530004326e+00
2.457596649357993268e+00	1.673102320186183212e+00
1.829495040405518580e+00	2.878724309139007342e+00
2.845397118501305833e+00	7.636564800733728342e-01
2.792248630167025958e+00	2.524734901296304290e+00
3.160294539817917858e+00	9.805125416224889923e-02
2.344869176853047854e+00	1.599373234557357470e+00
1.349018670190425651e+00	2.889160090060525210e+00
2.425393110169197008e+00	2.923003122369684625e+00
3.709449523128418136e+00	2.706848959514699615e+00
3.422940646658585440e+00	-1.319174474116133200e-02
1.551779645547972430e+00	6.348399732842588961e-01
2.179578601153683071e+00	1.649654190242990426e+00
1.278319809295515253e+00	2.534734106148324728e-01
3.386463223894653041e+00	3.131063949326237328e+00
2.940084769147904620e+00	1.724218976965862016e+00
3.581352548232328292e+00	2.275692645225866340e+00
2.981985662043652674e+00	2.102433783267871337e-01
1.881082844893443795e+00	-7.164489862799128250e-01
2.131294299385284141e+00	8.550529267135781319e-02
3.031531268719178662e+00	2.214835936581100562e+00
1.713726666582897629e+00	2.662683586742676134e+00
3.325194984218244887e+00	7.313661783786977733e-01
3.526933350665812039e+00	2.595157691205362660e+00
3.346773354616968899e+00	1.280293810011735367e+00
2.458683636239632708e+00	7.402457448126703587e-01
1.256624355991876163e+00	9.183096904929510806e-02
3.432052678930311185e+00	1.028935324623395209e+00
2.427237570840793168e+00	2.162853695438679225e+00
3.327334226885874546e+00	2.496094349079487795e+00
3.177012652776011858e+00	8.584862475643011415e-01
3.601855678125565063e+00	3.013039470598946945e+00
2.432901557605997134e+00	2.477870964577888024e+00
2.439959134931056539e+00	1.090672255683809322e+00
2.991865795680785922e+00	2.463217276209144213e-01
2.879041346543384172e+00	1.912010292519925825e+00
2.874195249117758699e+00	7.453142915166369731e-01
2.594705581618475865e+00	7.465305887947556451e-01
3.292985500383269759e+00	2.486278337384338677e+00
3.290378829108018266e+00	2.366340293127500605e+00
2.280628220732532796e+00	8.797370612987490679e-01
4.117964397277886768e+00	1.075600340742679739e+00
2.562512259778783275e+00	2.098162172911135492e-01
3.307576683118246930e+00	7.682998799270338575e-01
1.079461010508055541e+00	1.967312757103135246e+00
1.383197860921068001e+00	1.302440178452120012e+00
3.640539409046728458e+00	2.896917549956858018e+00
3.480808294618718435e+00	2.677813907085409006e+00
3.189514070412670765e+00	2.731924414323306127e+00
2.961739762992435132e+00	-1.648982676498225441e-01
4.069452076683006680e+00	1.309211673352002059e+00
1.063550900492989282e+00	6.722021563899294172e-01
2.061654343160870706e+00	6.028981535710563611e-01
3.514140561221064996e+00	2.561813890097114133e+00
3.865318325615642259e+00	4.198299084111558610e-01
3.708611868005905254e+00	2.343481083646386853e+00
3.134690643394042908e+00	1.147651621689500301e+00
3.344927248366487138e+00	2.010983686399996362e+00
3.465254304861638879e+00	9.415741427041042222e-01
1.552945792776039724e+00	6.986417407241877209e-01
2.143717313636659849e+00	2.589651324911352415e+00
3.164360347860397660e+00	1.369768147712789430e+00
2.837973310646150438e+00	1.824660058059704104e+00
2.446494207154062295e+00	-6.761808589453671692e-02
2.189989980241178191e+00	1.919782150416382338e+00
2.383092454315629549e+00	4.116851362290934735e-01
2.323809741068554313e+00	5.512149179304470792e-01
3.577714624097489526e+00	2.720079033593429507e+00
3.684784828070808427e+00	1.562907038543217775e+00
3.024979196359597555e+00	2.027252296350036342e+00
3.309773262259159132e+00	7.470112286127935652e-01
7.854678213029827605e-01	5.546090265271950148e-01
2.391423154597996259e+00	1.128484112555651064e+00
2.920951991002948223e+00	2.587609733942688450e-01
1.946421874532172636e+00	2.865425394040272522e+00
3.175532905019645913e+00	2.758259493235662774e+00
3.916336623103191528e+00	1.647278561451601009e+00
3.269270664491144895e+00	2.542422199155866647e+00
3.352476276174908065e+00	2.593370680769234493e+00
3.334277526369955336e+00	2.007316527650481408e+00
3.284541871159789128e+00	1.279159130620677987e+00
2.455433180295359286e+00	2.636269785963091472e+00
2.856258946616464733e+00	2.827518155189659321e+00
3.319791887739119485e+00	6.968055484409301226e-01
3.119654877205817467e+00	2.200580032351669768e+00
3.146215140027046608e+00	2.080939826493020561e+00
3.532398349393051529e+00	-1.583089534415962341e-01
2.428685985710173245e+00	3.233468688042574479e-01
3.040836056122078190e+00	2.806383252738287926e+00
2.949512637294271489e+00	2.509472062068159204e+00
2.190592853611199597e+00	1.992524262858167639e+00
2.773162866168710661e+00	1.803120214597266902e+00
2.225275685534472636e+00	2.429533900449186046e+00
3.461217409529456557e+00	2.531067432527608130e+00
2.548254451341661841e+00	3.007789753304960456e+00
2.691420120497681534e+00	3.286343511863371258e+00
2.636566838752302910e+00	2.377572122899475282e+00
2.722811103951818357e+00	2.129217056799066921e+00
2.504259709079124541e+00	1.249590012358473334e+00
2.535110879747402013e+00	1.926988922002133453e+00
4.229611812933478987e+00	2.018495005155325206e+00
3.049387390560211575e+00	1.174691334059631220e+00
3.723337162513532306e+00	1.764644480952138439e+00
2.883292704068815215e+00	1.285418091469041624e+00
2.456235988706351847e+00	1.320258281578804205e+00
3.863872674937209428e+00	3.073382069650555382e-01
2.433611594674026879e+00	2.436831995153607711e+00
2.001455416741627413e+00	1.700482963266142233e-01
2.782964721812899445e+00	2.376039279689031058e+00
2.183035383493857839e+00	2.694304522859868101e+00
3.314009647747569343e+00	3.582941156762313173e-01
2.550724906003356107e+00	2.106212437448307995e+00
2.126466002473320405e+00	2.248607239247683687e+00
2.202433235363660646e+00	1.761599541706823535e+00
6.726233199843545396e-02	4.265187395254387698e-02
3.744430477333433593e+00	2.952180128749555266e+00
