0	0
0	123
0	228
0	388
1	1
1	385
2	2
2	109
2	267
3	3
3	66
3	91
4	4
4	261
4	365
5	5
5	130
5	260
5	312
5	338
6	6
6	7
6	69
6	80
6	112
6	213
6	352
6	500
6	525
6	540
6	557
7	6
7	7
7	80
7	112
7	149
7	503
7	540
7	557
8	8
8	125
8	540
9	9
9	18
9	72
9	127
9	175
9	199
9	286
9	377
9	401
9	459
10	10
10	299
11	11
11	111
11	162
12	12
12	91
13	13
13	41
14	14
14	117
14	209
14	550
15	15
15	292
15	539
16	16
16	106
16	111
16	298
16	302
16	337
16	363
16	513
17	17
17	81
17	102
17	109
17	111
17	131
17	161
17	181
17	226
17	266
17	274
17	302
17	380
17	508
17	553
18	9
18	18
18	19
18	31
18	72
18	95
18	127
18	151
18	171
18	175
18	178
18	183
18	197
18	201
18	263
18	275
18	280
18	281
18	286
18	315
18	320
18	329
18	359
18	368
18	377
18	378
18	401
18	402
18	413
18	459
18	463
18	472
18	478
18	523
18	543
19	18
19	19
19	275
19	286
19	329
19	463
20	20
20	373
20	492
20	541
20	561
20	567
21	21
21	42
22	22
22	80
22	316
23	23
23	123
23	144
23	189
23	228
23	388
23	449
23	495
24	24
24	175
25	25
25	30
25	192
25	318
25	335
25	436
25	441
26	26
26	173
26	417
26	422
26	504
27	27
27	241
27	354
27	565
28	28
28	69
29	29
29	55
29	297
30	25
30	30
30	335
30	436
30	457
31	18
31	31
31	197
31	286
31	329
31	359
31	377
31	459
32	32
32	56
33	33
33	59
33	128
33	465
34	34
34	321
34	350
35	35
35	321
35	350
36	36
36	350
37	37
37	62
37	345
37	510
38	38
38	238
38	280
39	39
39	311
40	40
40	427
40	479
41	13
41	41
41	223
41	230
41	307
41	360
41	490
42	21
42	42
42	137
42	291
42	395
42	502
43	43
43	80
43	213
43	316
43	429
43	500
44	44
44	104
45	45
45	141
46	46
46	186
46	316
46	429
46	568
47	47
47	424
47	558
48	48
48	111
48	265
48	274
48	521
49	49
49	334
49	351
49	367
50	50
50	102
50	111
50	162
50	274
50	553
51	51
51	153
51	191
51	453
51	470
51	548
52	52
52	53
52	104
52	180
52	422
53	52
53	53
53	67
53	104
53	180
53	422
54	54
54	152
54	303
55	29
55	55
55	195
55	237
55	297
56	32
56	56
57	57
57	413
58	58
58	137
59	33
59	59
59	128
59	356
59	390
59	393
59	465
60	60
60	84
60	116
60	360
60	490
60	511
61	61
61	477
62	37
62	62
62	291
62	345
62	358
62	510
63	63
63	295
64	64
64	88
64	326
64	332
64	404
64	411
64	434
64	514
65	65
65	234
65	356
66	3
66	66
66	330
67	53
67	67
67	104
67	218
67	422
68	68
68	278
68	292
68	403
69	6
69	28
69	69
69	80
69	91
69	156
69	232
69	247
69	293
69	305
69	317
69	330
69	352
69	429
69	525
69	540
69	557
70	70
70	103
70	121
70	287
70	556
71	71
71	505
72	9
72	18
72	72
72	127
72	152
72	154
72	175
72	199
72	238
72	262
72	263
72	286
72	315
72	359
72	361
72	377
72	401
72	402
72	426
72	459
72	472
72	478
72	523
73	73
73	80
73	112
73	122
73	137
73	291
74	74
74	400
74	402
75	75
75	377
76	76
76	135
76	176
76	267
76	269
77	77
77	414
77	547
77	551
78	78
78	139
78	283
78	288
79	79
79	106
79	187
79	490
80	6
80	7
80	22
80	43
80	69
80	73
80	80
80	112
80	122
80	126
80	213
80	247
80	272
80	291
80	316
80	352
80	406
80	429
80	482
80	500
80	503
80	540
80	557
80	568
81	17
81	81
81	274
82	82
82	124
82	280
83	83
83	455
84	60
84	84
85	85
85	274
85	521
86	86
86	299
87	87
87	98
87	313
87	324
88	64
88	88
88	332
88	404
88	411
88	434
88	514
89	89
89	545
90	90
90	124
90	142
90	190
90	340
90	384
90	447
91	3
91	12
91	69
91	91
91	156
91	352
91	540
92	92
92	177
92	290
92	459
93	93
93	303
94	94
94	405
95	18
95	95
95	286
95	377
95	459
96	96
96	115
96	278
96	301
96	347
96	398
96	516
97	97
97	249
97	462
97	542
98	87
98	98
98	313
98	324
99	99
99	122
99	129
99	137
99	186
99	253
99	271
99	399
100	100
100	208
100	319
100	391
101	101
101	111
101	193
101	297
101	421
101	513
101	521
102	17
102	50
102	102
102	111
102	274
102	419
102	443
102	553
103	70
103	103
103	287
103	556
104	44
104	52
104	53
104	67
104	104
104	168
104	180
104	422
105	105
105	536
106	16
106	79
106	106
106	187
106	302
106	490
106	511
107	107
107	303
108	108
108	111
109	2
109	17
109	109
109	111
109	274
109	521
110	110
110	120
110	173
110	185
110	504
110	532
111	11
111	16
111	17
111	48
111	50
111	101
111	102
111	108
111	109
111	111
111	131
111	160
111	161
111	162
111	167
111	181
111	217
111	266
111	269
111	274
111	295
111	298
111	363
111	372
111	375
111	380
111	407
111	419
111	421
111	443
111	501
111	508
111	521
111	553
111	554
112	6
112	7
112	73
112	80
112	112
112	137
112	272
112	316
112	429
112	482
112	540
112	557
113	113
113	310
114	114
114	377
114	479
115	96
115	115
115	516
116	60
116	116
117	14
117	117
117	550
118	118
118	341
118	384
119	119
119	377
120	110
120	120
120	452
120	504
121	70
121	121
122	73
122	80
122	99
122	122
122	247
122	272
123	0
123	23
123	123
123	144
123	189
123	228
123	267
123	364
123	388
123	403
123	449
123	495
124	82
124	90
124	124
124	142
125	8
125	125
125	540
125	544
125	546
126	80
126	126
126	316
126	540
126	557
127	9
127	18
127	72
127	127
127	201
127	263
127	275
127	286
127	377
127	463
127	519
128	33
128	59
128	128
129	99
129	129
130	5
130	130
130	176
130	217
130	260
130	312
130	323
130	338
131	17
131	111
131	131
131	181
131	228
131	274
132	132
132	370
132	377
132	459
133	133
133	485
133	541
134	134
134	164
134	170
134	261
134	282
134	354
134	498
134	512
134	550
135	76
135	135
135	228
135	267
135	495
136	136
136	310
137	42
137	58
137	73
137	99
137	112
137	137
137	212
137	245
137	250
137	291
137	358
137	395
137	467
137	482
137	557
138	138
138	550
139	78
139	139
139	182
139	205
139	283
139	288
139	488
139	526
140	140
140	493
141	45
141	141
142	90
142	124
142	142
142	340
142	341
142	384
143	143
143	297
144	23
144	123
144	144
144	189
144	228
144	267
144	364
144	388
144	405
144	449
144	495
144	515
145	145
145	287
145	556
146	146
146	278
146	301
147	147
147	293
148	148
148	246
148	402
149	7
149	149
149	293
149	305
149	330
149	540
149	557
150	150
150	289
150	450
151	18
151	151
151	175
151	315
151	368
151	378
151	413
151	459
152	54
152	72
152	152
152	175
152	184
152	252
152	315
152	459
153	51
153	153
153	191
153	415
154	72
154	154
154	199
154	238
154	306
154	459
155	155
155	203
155	420
156	69
156	91
156	156
157	157
157	192
157	280
158	158
158	333
159	159
159	415
160	111
160	160
160	515
160	553
161	17
161	111
161	161
162	11
162	50
162	111
162	162
162	176
162	269
162	274
162	508
162	521
162	553
163	163
163	238
163	280
164	134
164	164
164	282
164	498
165	165
165	477
166	166
166	369
167	111
167	167
168	104
168	168
168	422
169	169
169	299
170	134
170	170
170	550
171	18
171	171
171	199
171	377
171	413
171	459
172	172
172	310
173	26
173	110
173	173
173	185
173	389
173	417
173	440
173	476
173	504
173	532
174	174
174	208
174	319
174	346
175	9
175	18
175	24
175	72
175	151
175	152
175	175
175	183
175	199
175	263
175	281
175	315
175	335
175	348
175	359
175	361
175	368
175	377
175	378
175	401
175	413
175	438
175	444
175	459
175	472
175	483
175	506
175	523
176	76
176	130
176	162
176	176
176	195
176	269
176	274
176	337
176	379
177	92
177	177
177	199
177	290
178	18
178	178
178	318
179	179
179	241
179	267
179	300
179	394
179	437
179	565
180	52
180	53
180	104
180	180
180	422
181	17
181	111
181	131
181	181
181	274
181	508
182	139
182	182
182	288
183	18
183	175
183	183
183	199
183	341
183	377
183	447
183	459
184	152
184	184
184	459
185	110
185	173
185	185
185	504
186	46
186	99
186	186
186	316
186	429
187	79
187	106
187	187
188	188
188	408
188	454
189	23
189	123
189	144
189	189
189	228
189	364
189	388
189	449
189	495
190	90
190	190
190	228
191	51
191	153
191	191
191	349
191	372
191	453
191	527
192	25
192	157
192	192
192	335
192	436
192	491
192	528
193	101
193	193
194	194
194	371
195	55
195	176
195	195
195	269
195	274
195	297
195	379
195	513
196	196
196	314
197	18
197	31
197	197
197	286
197	320
197	413
197	459
197	463
198	198
198	235
198	308
198	382
198	448
199	9
199	72
199	154
199	171
199	175
199	177
199	183
199	199
199	238
199	262
199	263
199	275
199	281
199	306
199	315
199	320
199	359
199	361
199	368
199	377
199	378
199	401
199	402
199	413
199	459
199	472
199	523
200	200
200	402
201	18
201	127
201	201
201	255
202	202
202	322
202	504
203	155
203	203
203	420
204	204
204	508
205	139
205	205
206	206
206	409
207	207
207	301
208	100
208	174
208	208
209	14
209	209
210	210
210	418
210	430
210	456
210	471
210	520
211	211
211	241
212	137
212	212
212	291
212	540
213	6
213	43
213	80
213	213
213	429
214	214
214	458
214	504
214	532
215	215
215	531
215	547
216	216
216	508
217	111
217	130
217	217
217	323
218	67
218	218
218	262
218	422
218	474
219	219
219	236
219	294
219	535
220	220
220	455
221	221
221	377
221	457
222	222
222	225
222	534
223	41
223	223
224	224
224	328
224	343
224	344
224	466
225	222
225	225
225	534
226	17
226	226
226	274
226	407
226	435
226	507
227	227
227	331
227	410
228	0
228	23
228	123
228	131
228	135
228	144
228	189
228	190
228	228
228	240
228	267
228	364
228	388
228	403
228	405
228	449
229	229
229	274
229	298
229	453
230	41
230	230
231	231
231	278
231	301
231	442
231	516
232	69
232	232
233	233
233	333
234	65
234	234
234	356
234	400
234	477
235	198
235	235
235	308
235	549
236	219
236	236
236	294
236	535
237	55
237	237
237	274
237	508
238	38
238	72
238	154
238	163
238	199
238	238
238	256
238	306
238	383
238	397
239	239
239	338
240	228
240	240
240	282
241	27
241	179
241	211
241	241
241	300
241	380
241	481
241	512
241	565
242	242
242	504
243	243
243	325
243	362
244	244
244	274
244	314
245	137
245	245
245	353
245	482
246	148
246	246
247	69
247	80
247	122
247	247
247	250
247	305
247	316
247	330
247	540
248	248
248	450
249	97
249	249
249	542
250	137
250	247
250	250
250	291
250	467
251	251
251	389
252	152
252	252
252	377
252	459
253	99
253	253
254	254
254	278
255	201
255	255
255	405
256	238
256	256
256	457
257	257
257	461
257	520
258	258
258	536
259	259
259	520
260	5
260	130
260	260
260	312
260	338
261	4
261	134
261	261
261	405
261	531
261	537
261	569
262	72
262	199
262	218
262	262
262	479
263	18
263	72
263	127
263	175
263	199
263	263
263	286
263	377
263	402
263	459
263	523
264	264
264	369
264	416
264	428
265	48
265	265
265	521
266	17
266	111
266	266
266	274
267	2
267	76
267	123
267	135
267	144
267	179
267	228
267	267
267	388
267	449
267	495
268	268
268	377
269	76
269	111
269	162
269	176
269	195
269	269
269	274
269	508
269	517
270	270
270	308
270	529
271	99
271	271
272	80
272	112
272	122
272	272
272	429
272	557
273	273
273	504
274	17
274	48
274	50
274	81
274	85
274	102
274	109
274	111
274	131
274	162
274	176
274	181
274	195
274	226
274	229
274	237
274	244
274	266
274	269
274	274
274	295
274	298
274	314
274	349
274	363
274	375
274	379
274	380
274	407
274	419
274	421
274	443
274	494
274	501
274	508
274	521
274	553
274	554
275	18
275	19
275	127
275	199
275	275
275	286
275	377
275	402
275	459
276	276
276	394
277	277
277	384
278	68
278	96
278	146
278	231
278	254
278	278
278	296
278	301
278	460
278	516
278	530
278	560
279	279
279	282
279	531
279	550
280	18
280	38
280	82
280	157
280	163
280	280
280	377
280	383
280	397
280	402
280	491
280	528
281	18
281	175
281	199
281	281
281	341
281	377
281	447
281	459
282	134
282	164
282	240
282	279
282	282
282	414
282	432
282	495
282	498
282	550
283	78
283	139
283	283
283	457
283	526
284	284
284	540
284	564
285	285
285	454
286	9
286	18
286	19
286	31
286	72
286	95
286	127
286	197
286	263
286	275
286	286
286	320
286	329
286	359
286	368
286	377
286	378
286	401
286	413
286	463
286	472
286	478
286	523
287	70
287	103
287	145
287	287
287	423
287	556
288	78
288	139
288	182
288	288
289	150
289	289
289	450
289	545
290	92
290	177
290	290
290	402
291	42
291	62
291	73
291	80
291	137
291	212
291	250
291	291
291	358
291	395
291	467
291	540
292	15
292	68
292	292
292	327
292	387
292	530
292	539
293	69
293	147
293	149
293	293
294	219
294	236
294	294
294	535
295	63
295	111
295	274
295	295
296	278
296	296
297	29
297	55
297	101
297	143
297	195
297	297
298	16
298	111
298	229
298	274
298	298
298	453
298	517
299	10
299	86
299	169
299	299
300	179
300	241
300	300
300	447
300	565
301	96
301	146
301	207
301	231
301	278
301	301
301	347
301	398
301	516
301	560
302	16
302	17
302	106
302	302
302	337
303	54
303	93
303	107
303	303
303	335
303	377
303	459
304	304
304	310
304	412
304	475
305	69
305	149
305	247
305	305
305	330
305	540
306	154
306	199
306	238
306	306
307	41
307	307
308	198
308	235
308	270
308	308
308	448
308	522
308	529
308	549
309	309
309	336
310	113
310	136
310	172
310	304
310	310
310	412
310	475
310	555
311	39
311	311
312	5
312	130
312	260
312	312
313	87
313	98
313	313
314	196
314	244
314	274
314	314
315	18
315	72
315	151
315	152
315	175
315	199
315	315
315	320
315	335
315	342
315	359
315	368
315	377
315	378
315	401
315	413
315	425
315	426
315	438
315	444
315	459
315	472
315	483
316	22
316	43
316	46
316	80
316	112
316	126
316	186
316	247
316	316
316	406
316	429
316	496
316	568
317	69
317	317
318	25
318	178
318	318
319	100
319	174
319	319
320	18
320	197
320	199
320	286
320	315
320	320
320	368
320	377
320	413
320	459
321	34
321	35
321	321
321	350
322	202
322	322
322	504
323	130
323	217
323	323
324	87
324	98
324	324
325	243
325	325
325	422
326	64
326	326
326	332
326	366
326	404
326	411
327	292
327	327
327	387
327	539
328	224
328	328
328	343
328	466
329	18
329	19
329	31
329	286
329	329
329	413
329	459
330	66
330	69
330	149
330	247
330	305
330	330
331	227
331	331
331	450
331	536
332	64
332	88
332	326
332	332
332	411
332	434
332	514
333	158
333	233
333	333
334	49
334	334
334	351
334	453
334	494
335	25
335	30
335	175
335	192
335	303
335	315
335	335
335	341
335	426
335	436
335	437
335	441
335	457
336	309
336	336
337	16
337	176
337	302
337	337
338	5
338	130
338	239
338	260
338	338
338	509
339	339
339	382
339	448
340	90
340	142
340	340
340	341
340	384
340	447
341	118
341	142
341	183
341	281
341	335
341	340
341	341
341	343
341	368
341	371
341	384
341	413
341	436
341	439
341	446
341	447
341	457
341	459
341	499
342	315
342	342
342	368
342	413
342	459
343	224
343	328
343	341
343	343
343	466
343	469
344	224
344	344
345	37
345	62
345	345
346	174
346	346
347	96
347	301
347	347
348	175
348	348
349	191
349	274
349	349
349	372
349	375
350	34
350	35
350	36
350	321
350	350
351	49
351	334
351	351
351	453
351	494
352	6
352	69
352	80
352	91
352	352
352	540
353	245
353	353
354	27
354	134
354	354
354	416
354	428
355	355
355	450
355	520
355	538
356	59
356	65
356	234
356	356
356	465
357	357
357	427
357	479
358	62
358	137
358	291
358	358
359	18
359	31
359	72
359	175
359	199
359	286
359	315
359	359
359	377
359	378
359	459
359	463
360	41
360	60
360	360
360	490
360	511
361	72
361	175
361	199
361	361
361	459
362	243
362	362
363	16
363	111
363	274
363	363
363	513
364	123
364	144
364	189
364	228
364	364
364	388
364	495
365	4
365	365
366	326
366	366
367	49
367	367
368	18
368	151
368	175
368	199
368	286
368	315
368	320
368	341
368	342
368	368
368	377
368	378
368	413
368	459
369	166
369	264
369	369
369	428
370	132
370	370
370	437
371	194
371	341
371	371
372	111
372	191
372	349
372	372
372	453
372	494
373	20
373	373
374	374
374	504
375	111
375	274
375	349
375	375
376	376
376	550
377	9
377	18
377	31
377	72
377	75
377	95
377	114
377	119
377	127
377	132
377	171
377	175
377	183
377	199
377	221
377	252
377	263
377	268
377	275
377	280
377	281
377	286
377	303
377	315
377	320
377	359
377	368
377	377
377	378
377	401
377	402
377	413
377	444
377	459
377	463
377	464
377	472
377	479
377	483
377	523
377	543
377	566
378	18
378	151
378	175
378	199
378	286
378	315
378	359
378	368
378	377
378	378
378	413
378	459
378	523
379	176
379	195
379	274
379	379
380	17
380	111
380	241
380	274
380	380
380	419
380	521
381	381
381	453
381	494
382	198
382	339
382	382
382	448
382	454
383	238
383	280
383	383
384	90
384	118
384	142
384	277
384	340
384	341
384	384
384	436
384	447
384	457
385	1
385	385
386	386
386	540
386	546
387	292
387	327
387	387
388	0
388	23
388	123
388	144
388	189
388	228
388	267
388	364
388	388
388	403
388	405
388	449
388	495
389	173
389	251
389	389
390	59
390	390
390	393
391	100
391	391
392	392
392	435
393	59
393	390
393	393
394	179
394	276
394	394
395	42
395	137
395	291
395	395
395	502
396	396
396	431
396	436
396	439
396	441
396	446
396	459
396	491
396	518
396	528
397	238
397	280
397	397
398	96
398	301
398	398
398	516
399	99
399	399
400	74
400	234
400	400
401	9
401	18
401	72
401	175
401	199
401	286
401	315
401	377
401	401
401	459
401	523
402	18
402	72
402	74
402	148
402	199
402	200
402	263
402	275
402	280
402	290
402	377
402	402
403	68
403	123
403	228
403	388
403	403
403	495
403	530
404	64
404	88
404	326
404	404
404	411
404	434
404	514
405	94
405	144
405	228
405	255
405	261
405	388
405	405
406	80
406	316
406	406
406	429
406	496
406	568
407	111
407	226
407	274
407	407
407	507
408	188
408	408
408	454
409	206
409	409
409	433
409	468
410	227
410	410
411	64
411	88
411	326
411	332
411	404
411	411
411	434
411	514
412	304
412	310
412	412
413	18
413	57
413	151
413	171
413	175
413	197
413	199
413	286
413	315
413	320
413	329
413	341
413	342
413	368
413	377
413	378
413	413
413	459
414	77
414	282
414	414
414	547
415	153
415	159
415	415
415	453
416	264
416	354
416	416
416	428
416	531
417	26
417	173
417	417
418	210
418	418
418	430
419	102
419	111
419	274
419	380
419	419
419	515
420	155
420	203
420	420
421	101
421	111
421	274
421	421
421	494
422	26
422	52
422	53
422	67
422	104
422	168
422	180
422	218
422	325
422	422
422	480
423	287
423	423
423	556
424	47
424	424
425	315
425	425
426	72
426	315
426	335
426	426
426	444
426	459
427	40
427	357
427	427
427	479
427	563
428	264
428	354
428	369
428	416
428	428
429	43
429	46
429	69
429	80
429	112
429	186
429	213
429	272
429	316
429	406
429	429
429	496
429	500
429	546
429	557
429	568
430	210
430	418
430	430
430	456
430	471
430	520
431	396
431	431
431	436
431	439
431	441
431	446
431	491
431	518
431	528
432	282
432	432
433	409
433	433
433	468
434	64
434	88
434	332
434	404
434	411
434	434
434	514
435	226
435	392
435	435
436	25
436	30
436	192
436	335
436	341
436	384
436	396
436	431
436	436
436	437
436	439
436	441
436	446
436	518
437	179
437	335
437	370
437	436
437	437
437	441
437	457
437	491
438	175
438	315
438	438
438	459
439	341
439	396
439	431
439	436
439	439
439	441
439	446
439	491
439	559
440	173
440	440
441	25
441	335
441	396
441	431
441	436
441	437
441	439
441	441
442	231
442	442
443	102
443	111
443	274
443	443
444	175
444	315
444	377
444	426
444	444
445	445
445	487
446	341
446	396
446	431
446	436
446	439
446	446
446	459
446	491
447	90
447	183
447	281
447	300
447	340
447	341
447	384
447	447
448	198
448	308
448	339
448	382
448	448
448	454
448	529
449	23
449	123
449	144
449	189
449	228
449	267
449	388
449	449
449	495
450	150
450	248
450	289
450	331
450	355
450	450
451	451
451	453
452	120
452	452
453	51
453	191
453	229
453	298
453	334
453	351
453	372
453	381
453	415
453	451
453	453
453	470
453	494
453	527
453	548
454	188
454	285
454	382
454	408
454	448
454	454
455	83
455	220
455	455
456	210
456	430
456	456
456	471
456	484
457	30
457	221
457	256
457	283
457	335
457	341
457	384
457	437
457	457
457	565
458	214
458	458
458	504
458	532
459	9
459	18
459	31
459	72
459	92
459	95
459	132
459	151
459	152
459	154
459	171
459	175
459	183
459	184
459	197
459	199
459	252
459	263
459	275
459	281
459	303
459	315
459	320
459	329
459	341
459	342
459	359
459	361
459	368
459	377
459	378
459	396
459	401
459	413
459	426
459	438
459	446
459	459
459	464
459	472
459	523
459	566
460	278
460	460
461	257
461	461
461	520
462	97
462	462
463	18
463	19
463	127
463	197
463	286
463	359
463	377
463	463
464	377
464	459
464	464
465	33
465	59
465	356
465	465
466	224
466	328
466	343
466	466
467	137
467	250
467	291
467	467
468	409
468	433
468	468
469	343
469	469
470	51
470	453
470	470
471	210
471	430
471	456
471	471
472	18
472	72
472	175
472	199
472	286
472	315
472	377
472	459
472	472
472	478
472	523
473	473
473	547
474	218
474	474
475	304
475	310
475	475
476	173
476	476
476	504
476	532
477	61
477	165
477	234
477	477
478	18
478	72
478	286
478	472
478	478
478	486
478	552
479	40
479	114
479	262
479	357
479	377
479	427
479	479
480	422
480	480
481	241
481	481
482	80
482	112
482	137
482	245
482	482
482	503
482	540
482	557
483	175
483	315
483	377
483	483
484	456
484	484
485	133
485	485
486	478
486	486
487	445
487	487
488	139
488	488
489	489
489	540
490	41
490	60
490	79
490	106
490	360
490	490
491	192
491	280
491	396
491	431
491	437
491	439
491	446
491	491
491	528
492	20
492	492
493	140
493	493
494	274
494	334
494	351
494	372
494	381
494	421
494	453
494	494
495	23
495	123
495	135
495	144
495	189
495	267
495	282
495	364
495	388
495	403
495	449
495	495
496	316
496	406
496	429
496	496
497	497
497	540
498	134
498	164
498	282
498	498
498	512
498	550
499	341
499	499
500	6
500	43
500	80
500	429
500	500
501	111
501	274
501	501
502	42
502	395
502	502
503	7
503	80
503	482
503	503
503	540
504	26
504	110
504	120
504	173
504	185
504	202
504	214
504	242
504	273
504	322
504	374
504	458
504	476
504	504
504	532
505	71
505	505
506	175
506	506
507	226
507	407
507	507
507	509
508	17
508	111
508	162
508	181
508	204
508	216
508	237
508	269
508	274
508	508
508	553
509	338
509	507
509	509
510	37
510	62
510	510
511	60
511	106
511	360
511	511
512	134
512	241
512	498
512	512
513	16
513	101
513	195
513	363
513	513
514	64
514	88
514	332
514	404
514	411
514	434
514	514
515	144
515	160
515	419
515	515
516	96
516	115
516	231
516	278
516	301
516	398
516	516
517	269
517	298
517	517
518	396
518	431
518	436
518	518
519	127
519	519
520	210
520	257
520	259
520	355
520	430
520	461
520	520
520	562
521	48
521	85
521	101
521	109
521	111
521	162
521	265
521	274
521	380
521	521
521	553
522	308
522	522
523	18
523	72
523	175
523	199
523	263
523	286
523	377
523	378
523	401
523	459
523	472
523	523
524	524
524	556
525	6
525	69
525	525
526	139
526	283
526	526
527	191
527	453
527	527
528	192
528	280
528	396
528	431
528	491
528	528
529	270
529	308
529	448
529	529
530	278
530	292
530	403
530	530
531	215
531	261
531	279
531	416
531	531
531	533
531	550
532	110
532	173
532	214
532	458
532	476
532	504
532	532
533	531
533	533
534	222
534	225
534	534
535	219
535	236
535	294
535	535
536	105
536	258
536	331
536	536
536	545
537	261
537	537
538	355
538	538
539	15
539	292
539	327
539	539
540	6
540	7
540	8
540	69
540	80
540	91
540	112
540	125
540	126
540	149
540	212
540	247
540	284
540	291
540	305
540	352
540	386
540	482
540	489
540	497
540	503
540	540
540	557
541	20
541	133
541	541
542	97
542	249
542	542
543	18
543	377
543	543
544	125
544	544
545	89
545	289
545	536
545	545
546	125
546	386
546	429
546	546
547	77
547	215
547	414
547	473
547	547
547	551
548	51
548	453
548	548
549	235
549	308
549	549
550	14
550	117
550	134
550	138
550	170
550	279
550	282
550	376
550	498
550	531
550	550
551	77
551	547
551	551
552	478
552	552
553	17
553	50
553	102
553	111
553	160
553	162
553	274
553	508
553	521
553	553
554	111
554	274
554	554
555	310
555	555
556	70
556	103
556	145
556	287
556	423
556	524
556	556
557	6
557	7
557	69
557	80
557	112
557	126
557	137
557	149
557	272
557	429
557	482
557	540
557	557
558	47
558	558
559	439
559	559
560	278
560	301
560	560
561	20
561	561
562	520
562	562
563	427
563	563
564	284
564	564
565	27
565	179
565	241
565	300
565	457
565	565
566	377
566	459
566	566
567	20
567	567
568	46
568	80
568	316
568	406
568	429
568	568
569	261
569	569
